  0.100000000000000E+01  0.566554847493013E-02
  0.200000000000000E+01  0.500000000000000E-19
  0.300000000000000E+01  0.306862240764842E-03
  0.400000000000000E+01  0.126302462427735E-04
  0.500000000000000E+01  0.278694766500045E-04
  0.600000000000000E+01  0.233232657201497E-05
  0.700000000000000E+01  0.348295115537802E-05
  0.800000000000000E+01  0.267678182342426E-06
  0.900000000000000E+01  0.471917002398069E-06
  0.100000000000000E+02  0.262245613756795E-08
  0.110000000000000E+02  0.167032515357075E-08
  0.120000000000000E+02  0.119097822361291E-09
  0.130000000000000E+02  0.276484788944801E-09
  0.140000000000000E+02  0.499342959638200E-10
  0.150000000000000E+02  0.547263549298342E-10
  0.160000000000000E+02  0.165965188203051E-10
  0.170000000000000E+02  0.122582676948356E-10
  0.180000000000000E+02  0.495188907279288E-11
  0.190000000000000E+02  0.300231200529031E-11
  0.200000000000000E+02  0.140908572995058E-11
  0.210000000000000E+02  0.773700638058147E-12
  0.220000000000000E+02  0.393342251942141E-12
  0.230000000000000E+02  0.202885578141238E-12
  0.240000000000000E+02  0.109049201899085E-12
  0.250000000000000E+02  0.552231396381211E-13
  0.260000000000000E+02  0.279517906977211E-13
  0.270000000000000E+02  0.146723808668303E-13
  0.280000000000000E+02  0.732357170076044E-14
  0.290000000000000E+02  0.392011592889546E-14
  0.300000000000000E+02  0.193061485339727E-14
  0.310000000000000E+02  0.109154328304131E-14
  0.320000000000000E+02  0.579995793896348E-15
  0.330000000000000E+02  0.381092525277167E-15
  0.340000000000000E+02  0.256462951478235E-15
  0.350000000000000E+02  0.222515585695488E-15
  0.360000000000000E+02  0.234774710022173E-15
  0.370000000000000E+02  0.180127835081822E-15
  0.380000000000000E+02  0.236915284800005E-15
  0.390000000000000E+02  0.235136081899354E-15
  0.400000000000000E+02  0.258162796026192E-15
  0.410000000000000E+02  0.257346388769894E-15
  0.420000000000000E+02  0.300581417695881E-15
  0.430000000000000E+02  0.339275125073900E-15
  0.440000000000000E+02  0.252030042020055E-15
  0.450000000000000E+02  0.409484588760584E-15
  0.460000000000000E+02  0.360461906456005E-15
  0.470000000000000E+02  0.403306675874749E-15
  0.480000000000000E+02  0.414102270549961E-15
  0.490000000000000E+02  0.485843359631101E-15
  0.500000000000000E+02  0.526530317811374E-15
  0.510000000000000E+02  0.383247652872540E-15
  0.520000000000000E+02  0.553705054386945E-15
  0.530000000000000E+02  0.443957526205688E-15
  0.540000000000000E+02  0.423605008992048E-15
  0.550000000000000E+02  0.460812504337962E-15
  0.560000000000000E+02  0.486635001440237E-15
  0.570000000000000E+02  0.497332500695255E-15
  0.580000000000000E+02  0.352745000224458E-15
  0.590000000000000E+02  0.547037500108127E-15
  0.600000000000000E+02  0.523045000034151E-15
  0.610000000000000E+02  0.381162500016448E-15
  0.620000000000000E+02  0.575090000005107E-15
  0.630000000000000E+02  0.486262500002461E-15
  0.640000000000000E+02  0.553295000000838E-15
  0.650000000000000E+02  0.517802500000283E-15
  0.660000000000000E+02  0.545125000000124E-15
  0.670000000000000E+02  0.528317500000042E-15
  0.680000000000000E+02  0.532075000000019E-15
  0.690000000000000E+02  0.584262500000006E-15
  0.700000000000000E+02  0.490440000000003E-15
  0.710000000000000E+02  0.567012500000001E-15
  0.720000000000000E+02  0.570250000000000E-15
  0.730000000000000E+02  0.573047500000000E-15
  0.740000000000000E+02  0.602830000000000E-15
  0.750000000000000E+02  0.520492500000000E-15
  0.760000000000000E+02  0.635050000000000E-15
  0.770000000000000E+02  0.638547500000000E-15
  0.780000000000000E+02  0.548070000000000E-15
  0.790000000000000E+02  0.609097500000000E-15
  0.800000000000000E+02  0.543765000000000E-15
  0.810000000000000E+02  0.672442500000000E-15
  0.820000000000000E+02  0.538360000000000E-15
  0.830000000000000E+02  0.671797500000000E-15
  0.840000000000000E+02  0.565280000000000E-15
  0.850000000000000E+02  0.559997500000000E-15
  0.860000000000000E+02  0.666550000000000E-15
  0.870000000000000E+02  0.511347500000000E-15
  0.880000000000000E+02  0.619740000000000E-15
  0.890000000000000E+02  0.495182500000000E-15
  0.900000000000000E+02  0.607935000000000E-15
  0.910000000000000E+02  0.477037500000000E-15
  0.920000000000000E+02  0.592990000000000E-15
  0.930000000000000E+02  0.454312500000000E-15
  0.940000000000000E+02  0.574425000000000E-15
  0.950000000000000E+02  0.428887500000000E-15
  0.960000000000000E+02  0.460830000000000E-15
  0.970000000000000E+02  0.353117500000000E-15
  0.980000000000000E+02  0.384260000000000E-15
  0.990000000000000E+02  0.269747500000000E-15
  0.100000000000000E+03  0.249925000000000E-15
  0.101000000000000E+03  0.127612500000000E-15
  0.102000000000000E+03  0.000000000000000E+00
  0.103000000000000E+03  0.000000000000000E+00
  0.104000000000000E+03  0.000000000000000E+00
  0.105000000000000E+03  0.000000000000000E+00
  0.106000000000000E+03  0.000000000000000E+00
  0.107000000000000E+03  0.000000000000000E+00
  0.108000000000000E+03  0.000000000000000E+00
  0.109000000000000E+03  0.000000000000000E+00
  0.110000000000000E+03  0.000000000000000E+00
  0.111000000000000E+03  0.000000000000000E+00
  0.112000000000000E+03  0.000000000000000E+00
  0.113000000000000E+03  0.000000000000000E+00
  0.114000000000000E+03  0.000000000000000E+00
  0.115000000000000E+03  0.000000000000000E+00
  0.116000000000000E+03  0.000000000000000E+00
  0.117000000000000E+03  0.000000000000000E+00
  0.118000000000000E+03  0.000000000000000E+00
  0.119000000000000E+03  0.000000000000000E+00
  0.120000000000000E+03  0.000000000000000E+00
  0.121000000000000E+03  0.000000000000000E+00
  0.122000000000000E+03  0.000000000000000E+00
  0.123000000000000E+03  0.000000000000000E+00
  0.124000000000000E+03  0.000000000000000E+00
  0.125000000000000E+03  0.000000000000000E+00
  0.126000000000000E+03  0.000000000000000E+00
  0.127000000000000E+03  0.000000000000000E+00
  0.128000000000000E+03  0.000000000000000E+00
  0.129000000000000E+03  0.000000000000000E+00
  0.130000000000000E+03  0.000000000000000E+00
  0.131000000000000E+03  0.000000000000000E+00
  0.132000000000000E+03  0.000000000000000E+00
  0.133000000000000E+03  0.000000000000000E+00
  0.134000000000000E+03  0.000000000000000E+00
  0.135000000000000E+03  0.000000000000000E+00
  0.136000000000000E+03  0.000000000000000E+00
  0.137000000000000E+03  0.000000000000000E+00
  0.138000000000000E+03  0.000000000000000E+00
  0.139000000000000E+03  0.000000000000000E+00
  0.140000000000000E+03  0.000000000000000E+00
  0.141000000000000E+03  0.000000000000000E+00
  0.142000000000000E+03  0.000000000000000E+00
  0.143000000000000E+03  0.000000000000000E+00
  0.144000000000000E+03  0.000000000000000E+00
