  0.100000000000000E+01  0.127319235835389E-02
  0.200000000000000E+01  0.265526325488450E-01
  0.300000000000000E+01  0.170391189545358E-02
  0.400000000000000E+01  0.649477631138320E-02
  0.500000000000000E+01  0.107229148602952E-02
  0.600000000000000E+01  0.213099633014577E-02
  0.700000000000000E+01  0.558275174544357E-03
  0.800000000000000E+01  0.659177325908684E-03
  0.900000000000000E+01  0.248991362369818E-03
  0.100000000000000E+02  0.204079076293440E-03
  0.110000000000000E+02  0.793586580884727E-04
  0.120000000000000E+02  0.735579625533260E-04
  0.130000000000000E+02  0.371284343507809E-04
  0.140000000000000E+02  0.287496976151243E-04
  0.150000000000000E+02  0.166492324630575E-04
  0.160000000000000E+02  0.116765495097989E-04
  0.170000000000000E+02  0.719444810361033E-05
  0.180000000000000E+02  0.478399918416264E-05
  0.190000000000000E+02  0.300648913204791E-05
  0.200000000000000E+02  0.193754913934768E-05
  0.210000000000000E+02  0.121497676599659E-05
  0.220000000000000E+02  0.765927754825320E-06
  0.230000000000000E+02  0.473756881862130E-06
  0.240000000000000E+02  0.293338905362642E-06
  0.250000000000000E+02  0.178397911931680E-06
  0.260000000000000E+02  0.107701812370225E-06
  0.270000000000000E+02  0.644489313119586E-07
  0.280000000000000E+02  0.380421415281655E-07
  0.290000000000000E+02  0.223307065011324E-07
  0.300000000000000E+02  0.128638990393287E-07
  0.310000000000000E+02  0.741034564557269E-08
  0.320000000000000E+02  0.415769365859305E-08
  0.330000000000000E+02  0.235276081890814E-08
  0.340000000000000E+02  0.128308177581017E-08
  0.350000000000000E+02  0.714174722414232E-09
  0.360000000000000E+02  0.382219816524574E-09
  0.370000000000000E+02  0.202783781581974E-09
  0.380000000000000E+02  0.107854771971135E-09
  0.390000000000000E+02  0.557028196095552E-10
  0.400000000000000E+02  0.290534151204278E-10
  0.410000000000000E+02  0.145946776699085E-10
  0.420000000000000E+02  0.747250098481545E-11
  0.430000000000000E+02  0.364856942487092E-11
  0.440000000000000E+02  0.183571582851662E-11
  0.450000000000000E+02  0.870921040140723E-12
  0.460000000000000E+02  0.431035592462584E-12
  0.470000000000000E+02  0.198695084782839E-12
  0.480000000000000E+02  0.968329565359516E-13
  0.490000000000000E+02  0.442010757580484E-13
  0.500000000000000E+02  0.200277411082719E-13
  0.510000000000000E+02  0.928330206092758E-14
  0.520000000000000E+02  0.410751618983107E-14
  0.530000000000000E+02  0.187402332102532E-14
  0.540000000000000E+02  0.810855711616445E-15
  0.550000000000000E+02  0.364812361882720E-15
  0.560000000000000E+02  0.154727535645154E-15
  0.570000000000000E+02  0.688357808223926E-16
  0.580000000000000E+02  0.287053418253884E-16
  0.590000000000000E+02  0.127392712087460E-16
  0.600000000000000E+02  0.530938326731415E-17
  0.610000000000000E+02  0.235816212756829E-17
  0.620000000000000E+02  0.106630858156920E-17
  0.630000000000000E+02  0.521117284126710E-18
  0.640000000000000E+02  0.298542050707984E-18
  0.650000000000000E+02  0.189963189040330E-18
  0.660000000000000E+02  0.153706855599821E-18
  0.670000000000000E+02  0.129367335948774E-18
  0.680000000000000E+02  0.120073388797500E-18
  0.690000000000000E+02  0.124610660699786E-18
  0.700000000000000E+02  0.100909662945317E-18
  0.710000000000000E+02  0.112882033588224E-18
  0.720000000000000E+02  0.110166381069565E-18
  0.730000000000000E+02  0.107570661377082E-18
  0.740000000000000E+02  0.110031130460093E-18
  0.750000000000000E+02  0.925133714102676E-19
  0.760000000000000E+02  0.110005957519497E-18
  0.770000000000000E+02  0.107502584492597E-18
  0.780000000000000E+02  0.900011629245079E-19
  0.790000000000000E+02  0.975005083534506E-19
  0.800000000000000E+02  0.850002305205893E-19
  0.810000000000000E+02  0.102500102015635E-18
  0.820000000000000E+02  0.800000453887903E-19
  0.830000000000000E+02  0.975000204778993E-19
  0.840000000000000E+02  0.800000091200531E-19
  0.850000000000000E+02  0.775000041203024E-19
  0.860000000000000E+02  0.900000018325634E-19
  0.870000000000000E+02  0.675000008275446E-19
  0.880000000000000E+02  0.800000003668709E-19
  0.890000000000000E+02  0.625000001653676E-19
  0.900000000000000E+02  0.750000000729751E-19
  0.910000000000000E+02  0.575000000328015E-19
  0.920000000000000E+02  0.700000000143949E-19
  0.930000000000000E+02  0.525000000064486E-19
  0.940000000000000E+02  0.650000000028125E-19
  0.950000000000000E+02  0.475000000012557E-19
  0.960000000000000E+02  0.500000000005438E-19
  0.970000000000000E+02  0.375000000002424E-19
  0.980000000000000E+02  0.400000000001036E-19
  0.990000000000000E+02  0.275000000000471E-19
  0.100000000000000E+03  0.250000000000199E-19
  0.101000000000000E+03  0.125000000000117E-19
  0.102000000000000E+03  0.000000000000000E+00
  0.103000000000000E+03  0.000000000000000E+00
  0.104000000000000E+03  0.000000000000000E+00
  0.105000000000000E+03  0.000000000000000E+00
  0.106000000000000E+03  0.000000000000000E+00
  0.107000000000000E+03  0.000000000000000E+00
  0.108000000000000E+03  0.000000000000000E+00
  0.109000000000000E+03  0.000000000000000E+00
  0.110000000000000E+03  0.000000000000000E+00
  0.111000000000000E+03  0.000000000000000E+00
  0.112000000000000E+03  0.000000000000000E+00
  0.113000000000000E+03  0.000000000000000E+00
  0.114000000000000E+03  0.000000000000000E+00
  0.115000000000000E+03  0.000000000000000E+00
  0.116000000000000E+03  0.000000000000000E+00
  0.117000000000000E+03  0.000000000000000E+00
  0.118000000000000E+03  0.000000000000000E+00
  0.119000000000000E+03  0.000000000000000E+00
  0.120000000000000E+03  0.000000000000000E+00
  0.121000000000000E+03  0.000000000000000E+00
  0.122000000000000E+03  0.000000000000000E+00
  0.123000000000000E+03  0.000000000000000E+00
  0.124000000000000E+03  0.000000000000000E+00
  0.125000000000000E+03  0.000000000000000E+00
  0.126000000000000E+03  0.000000000000000E+00
  0.127000000000000E+03  0.000000000000000E+00
  0.128000000000000E+03  0.000000000000000E+00
  0.129000000000000E+03  0.000000000000000E+00
  0.130000000000000E+03  0.000000000000000E+00
  0.131000000000000E+03  0.000000000000000E+00
  0.132000000000000E+03  0.000000000000000E+00
  0.133000000000000E+03  0.000000000000000E+00
  0.134000000000000E+03  0.000000000000000E+00
  0.135000000000000E+03  0.000000000000000E+00
  0.136000000000000E+03  0.000000000000000E+00
  0.137000000000000E+03  0.000000000000000E+00
  0.138000000000000E+03  0.000000000000000E+00
  0.139000000000000E+03  0.000000000000000E+00
  0.140000000000000E+03  0.000000000000000E+00
  0.141000000000000E+03  0.000000000000000E+00
  0.142000000000000E+03  0.000000000000000E+00
  0.143000000000000E+03  0.000000000000000E+00
  0.144000000000000E+03  0.000000000000000E+00
