  0.100000000000000E+01  0.345144552671656E-03
  0.200000000000000E+01  0.254147570570878E-01
  0.300000000000000E+01  0.524760864156408E-03
  0.400000000000000E+01  0.651138816381180E-02
  0.500000000000000E+01  0.460133019230064E-03
  0.600000000000000E+01  0.298887616554165E-02
  0.700000000000000E+01  0.443624240769728E-03
  0.800000000000000E+01  0.164035957341636E-02
  0.900000000000000E+01  0.392433523289009E-03
  0.100000000000000E+02  0.948503240839485E-03
  0.110000000000000E+02  0.278077222899452E-03
  0.120000000000000E+02  0.594769647689929E-03
  0.130000000000000E+02  0.198525190917834E-03
  0.140000000000000E+02  0.377861126678807E-03
  0.150000000000000E+02  0.138485153022294E-03
  0.160000000000000E+02  0.239800366335007E-03
  0.170000000000000E+02  0.953137831229538E-04
  0.180000000000000E+02  0.151106227829321E-03
  0.190000000000000E+02  0.657609110447837E-04
  0.200000000000000E+02  0.953391837481061E-04
  0.210000000000000E+02  0.455651605604926E-04
  0.220000000000000E+02  0.606144285765133E-04
  0.230000000000000E+02  0.318370239859155E-04
  0.240000000000000E+02  0.390257731231102E-04
  0.250000000000000E+02  0.224464578823434E-04
  0.260000000000000E+02  0.255114290690972E-04
  0.270000000000000E+02  0.159379625226781E-04
  0.280000000000000E+02  0.169421088996432E-04
  0.290000000000000E+02  0.113682107901072E-04
  0.300000000000000E+02  0.114163725828445E-04
  0.310000000000000E+02  0.812598995544195E-05
  0.320000000000000E+02  0.779018094403505E-05
  0.330000000000000E+02  0.564034493937804E-05
  0.340000000000000E+02  0.529023185443287E-05
  0.350000000000000E+02  0.405922962582290E-05
  0.360000000000000E+02  0.368268195767693E-05
  0.370000000000000E+02  0.290986876149240E-05
  0.380000000000000E+02  0.257683860288470E-05
  0.390000000000000E+02  0.207831428003277E-05
  0.400000000000000E+02  0.180867019108309E-05
  0.410000000000000E+02  0.147906587531435E-05
  0.420000000000000E+02  0.127122293387906E-05
  0.430000000000000E+02  0.104882621129470E-05
  0.440000000000000E+02  0.893397516661142E-06
  0.450000000000000E+02  0.741008331939895E-06
  0.460000000000000E+02  0.627066917446154E-06
  0.470000000000000E+02  0.521529842366731E-06
  0.480000000000000E+02  0.439148622273425E-06
  0.490000000000000E+02  0.365637172940910E-06
  0.500000000000000E+02  0.306561018313406E-06
  0.510000000000000E+02  0.255224284317934E-06
  0.520000000000000E+02  0.213247381268146E-06
  0.530000000000000E+02  0.177349266975661E-06
  0.540000000000000E+02  0.147715512257568E-06
  0.550000000000000E+02  0.122647142146565E-06
  0.560000000000000E+02  0.101848082202588E-06
  0.570000000000000E+02  0.843902930668771E-07
  0.580000000000000E+02  0.698718213531713E-07
  0.590000000000000E+02  0.577597605432150E-07
  0.600000000000000E+02  0.476798286894493E-07
  0.610000000000000E+02  0.393145430250703E-07
  0.620000000000000E+02  0.323541380050880E-07
  0.630000000000000E+02  0.266060467066609E-07
  0.640000000000000E+02  0.218348222947296E-07
  0.650000000000000E+02  0.178901134844563E-07
  0.660000000000000E+02  0.146425242348293E-07
  0.670000000000000E+02  0.119595934142783E-07
  0.680000000000000E+02  0.975827107489647E-08
  0.690000000000000E+02  0.794438546304275E-08
  0.700000000000000E+02  0.646170211915771E-08
  0.710000000000000E+02  0.524294489514648E-08
  0.720000000000000E+02  0.425081335180170E-08
  0.730000000000000E+02  0.343714555220514E-08
  0.740000000000000E+02  0.277772183862146E-08
  0.750000000000000E+02  0.223805279741264E-08
  0.760000000000000E+02  0.180278353321389E-08
  0.770000000000000E+02  0.144723701589782E-08
  0.780000000000000E+02  0.116195171772638E-08
  0.790000000000000E+02  0.929304368056250E-09
  0.800000000000000E+02  0.743667247633837E-09
  0.810000000000000E+02  0.593023687110511E-09
  0.820000000000000E+02  0.472047476448518E-09
  0.830000000000000E+02  0.375450829602796E-09
  0.840000000000000E+02  0.297739234350241E-09
  0.850000000000000E+02  0.235982265850661E-09
  0.860000000000000E+02  0.186424996312572E-09
  0.870000000000000E+02  0.147237973911248E-09
  0.880000000000000E+02  0.115866669298126E-09
  0.890000000000000E+02  0.911897550270145E-10
  0.900000000000000E+02  0.714778074411777E-10
  0.910000000000000E+02  0.560573747794219E-10
  0.920000000000000E+02  0.437639537175152E-10
  0.930000000000000E+02  0.342024483351770E-10
  0.940000000000000E+02  0.265932542689400E-10
  0.950000000000000E+02  0.207109025742029E-10
  0.960000000000000E+02  0.160367147172182E-10
  0.970000000000000E+02  0.124462966526781E-10
  0.980000000000000E+02  0.959688349045251E-11
  0.990000000000000E+02  0.742273921911940E-11
  0.100000000000000E+03  0.570950673524872E-11
  0.101000000000000E+03  0.438246668387947E-11
  0.102000000000000E+03  0.336545608323071E-11
  0.103000000000000E+03  0.257269316087558E-11
  0.104000000000000E+03  0.196848848039925E-11
  0.105000000000000E+03  0.149858913474076E-11
  0.106000000000000E+03  0.114249896728237E-11
  0.107000000000000E+03  0.866149427366655E-12
  0.108000000000000E+03  0.657968210218674E-12
  0.109000000000000E+03  0.496719813631943E-12
  0.110000000000000E+03  0.375987560576631E-12
  0.111000000000000E+03  0.282638893828199E-12
  0.112000000000000E+03  0.213185788807832E-12
  0.113000000000000E+03  0.159569736710827E-12
  0.114000000000000E+03  0.119937848032413E-12
  0.115000000000000E+03  0.893851253076460E-13
  0.116000000000000E+03  0.669524996734222E-13
  0.117000000000000E+03  0.496793666905400E-13
  0.118000000000000E+03  0.370843868891326E-13
  0.119000000000000E+03  0.273958621808212E-13
  0.120000000000000E+03  0.203813251447772E-13
  0.121000000000000E+03  0.150377997140564E-13
  0.122000000000000E+03  0.110666989579949E-13
  0.123000000000000E+03  0.816713104985231E-14
  0.124000000000000E+03  0.598521141529101E-14
  0.125000000000000E+03  0.440134286844593E-14
  0.126000000000000E+03  0.321191845623834E-14
  0.127000000000000E+03  0.235365205423037E-14
  0.128000000000000E+03  0.171035596384155E-14
  0.129000000000000E+03  0.124898056086765E-14
  0.130000000000000E+03  0.903778985470617E-15
  0.131000000000000E+03  0.657724321453243E-15
  0.132000000000000E+03  0.473927898893915E-15
  0.133000000000000E+03  0.343739372528388E-15
  0.134000000000000E+03  0.246638879093967E-15
  0.135000000000000E+03  0.178295427228747E-15
  0.136000000000000E+03  0.127390699992913E-15
  0.137000000000000E+03  0.917921877579320E-16
  0.138000000000000E+03  0.653101177395109E-16
  0.139000000000000E+03  0.469099229158140E-16
  0.140000000000000E+03  0.332376669154543E-16
  0.141000000000000E+03  0.237991401454156E-16
  0.142000000000000E+03  0.167933989562445E-16
  0.143000000000000E+03  0.119879948457714E-16
  0.144000000000000E+03  0.846410255052678E-17
  0.145000000000000E+03  0.595705235469681E-17
  0.146000000000000E+03  0.421852640214375E-17
  0.147000000000000E+03  0.295759895988098E-17
  0.148000000000000E+03  0.208847593843916E-17
  0.149000000000000E+03  0.145854624922559E-17
  0.150000000000000E+03  0.102730270345440E-17
  0.151000000000000E+03  0.714575506161863E-18
  0.152000000000000E+03  0.502258080777796E-18
  0.153000000000000E+03  0.347829546526861E-18
  0.154000000000000E+03  0.244200838523980E-18
  0.155000000000000E+03  0.168211743353755E-18
  0.156000000000000E+03  0.118177829570433E-18
  0.157000000000000E+03  0.807856997982238E-19
  0.158000000000000E+03  0.570120086736090E-19
  0.159000000000000E+03  0.384794167008740E-19
  0.160000000000000E+03  0.275002750253786E-19
  0.161000000000000E+03  0.181160385113697E-19
  0.162000000000000E+03  0.133444244837283E-19
  0.163000000000000E+03  0.836142712182179E-20
  0.164000000000000E+03  0.659910481703333E-20
  0.165000000000000E+03  0.371109116748605E-20
  0.166000000000000E+03  0.342350513582398E-20
  0.167000000000000E+03  0.151763835821641E-20
  0.168000000000000E+03  0.200576985209193E-20
  0.169000000000000E+03  0.577100577550509E-21
  0.170000000000000E+03  0.183009823709558E-20
  0.171000000000000E+03  0.000000000000000E+00
  0.172000000000000E+03  0.000000000000000E+00
  0.173000000000000E+03  0.000000000000000E+00
  0.174000000000000E+03  0.000000000000000E+00
  0.175000000000000E+03  0.000000000000000E+00
  0.176000000000000E+03  0.000000000000000E+00
  0.177000000000000E+03  0.000000000000000E+00
  0.178000000000000E+03  0.000000000000000E+00
  0.179000000000000E+03  0.000000000000000E+00
  0.180000000000000E+03  0.000000000000000E+00
  0.181000000000000E+03  0.000000000000000E+00
  0.182000000000000E+03  0.000000000000000E+00
  0.183000000000000E+03  0.000000000000000E+00
  0.184000000000000E+03  0.000000000000000E+00
  0.185000000000000E+03  0.000000000000000E+00
  0.186000000000000E+03  0.000000000000000E+00
  0.187000000000000E+03  0.000000000000000E+00
  0.188000000000000E+03  0.000000000000000E+00
  0.189000000000000E+03  0.000000000000000E+00
  0.190000000000000E+03  0.000000000000000E+00
  0.191000000000000E+03  0.000000000000000E+00
  0.192000000000000E+03  0.000000000000000E+00
  0.193000000000000E+03  0.000000000000000E+00
  0.194000000000000E+03  0.000000000000000E+00
  0.195000000000000E+03  0.000000000000000E+00
  0.196000000000000E+03  0.000000000000000E+00
  0.197000000000000E+03  0.000000000000000E+00
  0.198000000000000E+03  0.000000000000000E+00
  0.199000000000000E+03  0.000000000000000E+00
  0.200000000000000E+03  0.000000000000000E+00
  0.201000000000000E+03  0.000000000000000E+00
  0.202000000000000E+03  0.000000000000000E+00
  0.203000000000000E+03  0.000000000000000E+00
  0.204000000000000E+03  0.000000000000000E+00
  0.205000000000000E+03  0.000000000000000E+00
  0.206000000000000E+03  0.000000000000000E+00
  0.207000000000000E+03  0.000000000000000E+00
  0.208000000000000E+03  0.000000000000000E+00
  0.209000000000000E+03  0.000000000000000E+00
  0.210000000000000E+03  0.000000000000000E+00
  0.211000000000000E+03  0.000000000000000E+00
  0.212000000000000E+03  0.000000000000000E+00
  0.213000000000000E+03  0.000000000000000E+00
  0.214000000000000E+03  0.000000000000000E+00
  0.215000000000000E+03  0.000000000000000E+00
  0.216000000000000E+03  0.000000000000000E+00
  0.217000000000000E+03  0.000000000000000E+00
  0.218000000000000E+03  0.000000000000000E+00
  0.219000000000000E+03  0.000000000000000E+00
  0.220000000000000E+03  0.000000000000000E+00
  0.221000000000000E+03  0.000000000000000E+00
  0.222000000000000E+03  0.000000000000000E+00
  0.223000000000000E+03  0.000000000000000E+00
  0.224000000000000E+03  0.000000000000000E+00
  0.225000000000000E+03  0.000000000000000E+00
  0.226000000000000E+03  0.000000000000000E+00
  0.227000000000000E+03  0.000000000000000E+00
  0.228000000000000E+03  0.000000000000000E+00
  0.229000000000000E+03  0.000000000000000E+00
  0.230000000000000E+03  0.000000000000000E+00
  0.231000000000000E+03  0.000000000000000E+00
  0.232000000000000E+03  0.000000000000000E+00
  0.233000000000000E+03  0.000000000000000E+00
  0.234000000000000E+03  0.000000000000000E+00
  0.235000000000000E+03  0.000000000000000E+00
  0.236000000000000E+03  0.000000000000000E+00
  0.237000000000000E+03  0.000000000000000E+00
  0.238000000000000E+03  0.000000000000000E+00
  0.239000000000000E+03  0.000000000000000E+00
  0.240000000000000E+03  0.000000000000000E+00
  0.241000000000000E+03  0.000000000000000E+00
  0.242000000000000E+03  0.000000000000000E+00
