  0.00000000000000E+000  0.10000000000000E+001  0.21703735607402E+001
  0.31235469441564E-002  0.92916196681570E+000  0.19280747531390E+001
  0.62470938883129E-002  0.86505301173207E+000  0.17650677160402E+001
  0.00000000000000E+000  0.42161383791125E-001  0.41197199970783E+001
  0.31235469441564E-002  0.20688847540577E-001  0.24463101431007E+000
  0.00000000000000E+000  0.42238833441502E-001  0.41495917552494E+001
  0.62470938883128E-005  0.41964908731718E-001  0.38727362067887E+001
  0.12494187776626E-004  0.41707767588841E-001  0.36421452376201E+001
  0.18741281664938E-004  0.41464840340762E-001  0.34457999992157E+001
  0.24988375553251E-004  0.41234174455898E-001  0.32757131971077E+001
  0.31235469441564E-004  0.41014241193543E-001  0.31263302517650E+001
  0.00000000000000E+000  0.42238833441502E-001  0.41495917552494E+001
  0.62470938883128E-005  0.41964908731718E-001  0.38727362067887E+001
  0.12494187776626E-004  0.41707767588841E-001  0.36421452376201E+001
  0.18741281664938E-004  0.41464840340762E-001  0.34457999992157E+001
  0.24988375553251E-004  0.41234174455898E-001  0.32757131971077E+001
  0.31235469441564E-004  0.41014241193543E-001  0.31263302517650E+001
  0.00000000000000E+000  0.42238833441502E-001  0.41495917552494E+001
  0.62470938883128E-005  0.41964908731718E-001  0.38727362067887E+001
  0.12494187776626E-004  0.41707767588841E-001  0.36421452376201E+001
  0.18741281664938E-004  0.41464840340762E-001  0.34457999992157E+001
  0.24988375553251E-004  0.41234174455898E-001  0.32757131971077E+001
  0.31235469441564E-004  0.41014241193543E-001  0.31263302517650E+001
  0.00000000000000E+000  0.42238833441502E-001  0.41495917552494E+001
  0.62470938883128E-005  0.41964908731718E-001  0.38727362067887E+001
  0.12494187776626E-004  0.41707767588841E-001  0.36421452376201E+001
  0.18741281664938E-004  0.41464840340762E-001  0.34457999992157E+001
  0.24988375553251E-004  0.41234174455898E-001  0.32757131971077E+001
  0.31235469441564E-004  0.41014241193543E-001  0.31263302517650E+001
  0.00000000000000E+000  0.42238833326215E-001  0.12805996468290E+001
  0.62470938883128E-005  0.42151025802406E-001  0.12577644017509E+001
  0.12494187776626E-004  0.42064744947916E-001  0.12361068373783E+001
  0.18741281664938E-004  0.41979914603683E-001  0.12155176304579E+001
  0.24988375553251E-004  0.41896465443986E-001  0.11959020314349E+001
  0.31235469441564E-004  0.41814334093964E-001  0.11771773927659E+001
  0.00000000000000E+000  0.42238833326215E-001  0.12805996468290E+001
  0.62470938883128E-005  0.42151025802406E-001  0.12577644017509E+001
  0.12494187776626E-004  0.42064744947916E-001  0.12361068373783E+001
  0.18741281664938E-004  0.41979914603683E-001  0.12155176304579E+001
  0.24988375553251E-004  0.41896465443986E-001  0.11959020314349E+001
  0.31235469441564E-004  0.41814334093964E-001  0.11771773927659E+001
  0.00000000000000E+000  0.42238833326215E-001  0.12805996468290E+001
  0.62470938883128E-005  0.42151025802406E-001  0.12577644017509E+001
  0.12494187776626E-004  0.42064744947916E-001  0.12361068373783E+001
  0.18741281664938E-004  0.41979914603683E-001  0.12155176304579E+001
  0.24988375553251E-004  0.41896465443986E-001  0.11959020314349E+001
  0.31235469441564E-004  0.41814334093964E-001  0.11771773927659E+001
