  0.100000000000000E+01  0.131590490393894E-11
  0.200000000000000E+01  0.219317483989824E-11
  0.300000000000000E+01  0.307044477585753E-11
  0.400000000000000E+01  0.657952451969471E-11
  0.500000000000000E+01  0.570225458373542E-11
  0.600000000000000E+01  0.833406439161331E-11
  0.700000000000000E+01  0.833406439161330E-11
  0.800000000000000E+01  0.100886042635319E-10
  0.900000000000000E+01  0.144749539433284E-10
  0.100000000000000E+02  0.118431441354505E-10
  0.110000000000000E+02  0.153522238792877E-10
  0.120000000000000E+02  0.144749539433284E-10
  0.130000000000000E+02  0.188613036231248E-10
  0.140000000000000E+02  0.188613036231248E-10
  0.150000000000000E+02  0.179840336871655E-10
  0.160000000000000E+02  0.241249232388806E-10
  0.170000000000000E+02  0.241249232388806E-10
  0.180000000000000E+02  0.241249232388806E-10
  0.190000000000000E+02  0.250021931748399E-10
  0.200000000000000E+02  0.241249232388806E-10
  0.210000000000000E+02  0.311430827265550E-10
  0.220000000000000E+02  0.302658127905957E-10
  0.230000000000000E+02  0.311430827265550E-10
  0.240000000000000E+02  0.311430827265550E-10
  0.250000000000000E+02  0.364067023423108E-10
  0.260000000000000E+02  0.355294324063515E-10
  0.270000000000000E+02  0.346521624703922E-10
  0.280000000000000E+02  0.399157820861479E-10
  0.290000000000000E+02  0.372839722782701E-10
  0.300000000000000E+02  0.434248618299851E-10
  0.310000000000000E+02  0.416703219580665E-10
  0.320000000000000E+02  0.407930520221072E-10
  0.330000000000000E+02  0.451794017019037E-10
  0.340000000000000E+02  0.486884814457409E-10
  0.350000000000000E+02  0.486884814457409E-10
  0.360000000000000E+02  0.495657513817002E-10
  0.370000000000000E+02  0.486884814457409E-10
  0.380000000000000E+02  0.539521010614966E-10
  0.390000000000000E+02  0.513202912536187E-10
  0.400000000000000E+02  0.574611808053338E-10
  0.410000000000000E+02  0.539521010614966E-10
  0.420000000000000E+02  0.574611808053338E-10
  0.430000000000000E+02  0.600929906132117E-10
  0.440000000000000E+02  0.574611808053338E-10
  0.450000000000000E+02  0.627248004210896E-10
  0.460000000000000E+02  0.600929906132117E-10
  0.470000000000000E+02  0.662338801649268E-10
  0.480000000000000E+02  0.662338801649268E-10
  0.490000000000000E+02  0.679884200368454E-10
  0.500000000000000E+02  0.688656899728047E-10
  0.510000000000000E+02  0.697429599087640E-10
  0.520000000000000E+02  0.750065795245198E-10
  0.530000000000000E+02  0.688656899728047E-10
  0.540000000000000E+02  0.732520396526011E-10
  0.550000000000000E+02  0.767611193964383E-10
  0.560000000000000E+02  0.741293095885604E-10
  0.570000000000000E+02  0.820247390121941E-10
  0.580000000000000E+02  0.732520396526012E-10
  0.590000000000000E+02  0.855338187560313E-10
  0.600000000000000E+02  0.829020089481534E-10
  0.610000000000000E+02  0.802701991402755E-10
  0.620000000000000E+02  0.872883586279499E-10
  0.630000000000000E+02  0.793929292043162E-10
  0.640000000000000E+02  0.960610579875428E-10
  0.650000000000000E+02  0.872883586279499E-10
  0.660000000000000E+02  0.925519782437057E-10
  0.670000000000000E+02  0.916747083077464E-10
  0.680000000000000E+02  0.907974383717870E-10
  0.690000000000000E+02  0.978155978594614E-10
  0.700000000000000E+02  0.934292481796649E-10
  0.710000000000000E+02  0.943065181156242E-10
  0.720000000000000E+02  0.104833757347136E-09
  0.730000000000000E+02  0.969383279235021E-10
  0.740000000000000E+02  0.103079217475217E-09
  0.750000000000000E+02  0.995701377313800E-10
  0.760000000000000E+02  0.106588297219054E-09
  0.770000000000000E+02  0.109220107026932E-09
  0.780000000000000E+02  0.103079217475217E-09
  0.790000000000000E+02  0.108342837090973E-09
  0.800000000000000E+02  0.107465567155014E-09
  0.810000000000000E+02  0.117115536450566E-09
  0.820000000000000E+02  0.111851916834810E-09
  0.830000000000000E+02  0.111851916834810E-09
  0.840000000000000E+02  0.112729186770769E-09
  0.850000000000000E+02  0.120624616194403E-09
  0.860000000000000E+02  0.110097376962892E-09
  0.870000000000000E+02  0.100447407667339E-09
  0.880000000000000E+02  0.960610579875428E-10
  0.890000000000000E+02  0.102201947539258E-09
  0.900000000000000E+02  0.916747083077463E-10
  0.910000000000000E+02  0.934292481796649E-10
  0.920000000000000E+02  0.890428984998684E-10
  0.930000000000000E+02  0.907974383717870E-10
  0.940000000000000E+02  0.864110886919905E-10
  0.950000000000000E+02  0.864110886919905E-10
  0.960000000000000E+02  0.846565488200720E-10
  0.970000000000000E+02  0.837792788841127E-10
  0.980000000000000E+02  0.899201684358277E-10
  0.990000000000000E+02  0.785156592683569E-10
  0.100000000000000E+03  0.829020089481534E-10
  0.101000000000000E+03  0.750065795245197E-10
  0.102000000000000E+03  0.802701991402755E-10
  0.103000000000000E+03  0.837792788841127E-10
  0.104000000000000E+03  0.723747697166418E-10
  0.105000000000000E+03  0.785156592683569E-10
  0.106000000000000E+03  0.741293095885604E-10
  0.107000000000000E+03  0.758838494604790E-10
  0.108000000000000E+03  0.758838494604790E-10
  0.109000000000000E+03  0.723747697166418E-10
  0.110000000000000E+03  0.750065795245197E-10
  0.111000000000000E+03  0.697429599087639E-10
  0.112000000000000E+03  0.706202298447232E-10
  0.113000000000000E+03  0.688656899728046E-10
  0.114000000000000E+03  0.723747697166418E-10
  0.115000000000000E+03  0.697429599087639E-10
  0.116000000000000E+03  0.697429599087639E-10
  0.117000000000000E+03  0.653566102289675E-10
  0.118000000000000E+03  0.653566102289675E-10
  0.119000000000000E+03  0.662338801649268E-10
  0.120000000000000E+03  0.662338801649268E-10
  0.121000000000000E+03  0.679884200368453E-10
  0.122000000000000E+03  0.618475304851303E-10
  0.123000000000000E+03  0.671111501008861E-10
  0.124000000000000E+03  0.609702605491710E-10
  0.125000000000000E+03  0.600929906132117E-10
  0.126000000000000E+03  0.618475304851303E-10
  0.127000000000000E+03  0.627248004210896E-10
  0.128000000000000E+03  0.592157206772524E-10
  0.129000000000000E+03  0.592157206772524E-10
  0.130000000000000E+03  0.565839108693745E-10
  0.131000000000000E+03  0.592157206772524E-10
  0.132000000000000E+03  0.565839108693745E-10
  0.133000000000000E+03  0.565839108693745E-10
  0.134000000000000E+03  0.574611808053338E-10
  0.135000000000000E+03  0.530748311255373E-10
  0.136000000000000E+03  0.557066409334152E-10
  0.137000000000000E+03  0.521975611895780E-10
  0.138000000000000E+03  0.521975611895780E-10
  0.139000000000000E+03  0.539521010614966E-10
  0.140000000000000E+03  0.504430213176594E-10
  0.141000000000000E+03  0.495657513817001E-10
  0.142000000000000E+03  0.486884814457408E-10
  0.143000000000000E+03  0.478112115097816E-10
  0.144000000000000E+03  0.469339415738223E-10
  0.145000000000000E+03  0.486884814457409E-10
  0.146000000000000E+03  0.451794017019037E-10
  0.147000000000000E+03  0.451794017019037E-10
  0.148000000000000E+03  0.451794017019037E-10
  0.149000000000000E+03  0.425475918940258E-10
  0.150000000000000E+03  0.416703219580665E-10
  0.151000000000000E+03  0.399157820861479E-10
  0.152000000000000E+03  0.407930520221072E-10
  0.153000000000000E+03  0.381612422142293E-10
  0.154000000000000E+03  0.381612422142293E-10
  0.155000000000000E+03  0.364067023423107E-10
  0.156000000000000E+03  0.346521624703921E-10
  0.157000000000000E+03  0.346521624703921E-10
  0.158000000000000E+03  0.328976225984735E-10
  0.159000000000000E+03  0.311430827265550E-10
  0.160000000000000E+03  0.302658127905957E-10
  0.161000000000000E+03  0.285112729186771E-10
  0.162000000000000E+03  0.285112729186771E-10
  0.163000000000000E+03  0.258794631107992E-10
  0.164000000000000E+03  0.232476533029213E-10
  0.165000000000000E+03  0.223703833669620E-10
  0.166000000000000E+03  0.197385735590841E-10
  0.167000000000000E+03  0.171067637512062E-10
  0.168000000000000E+03  0.153522238792877E-10
  0.169000000000000E+03  0.127204140714098E-10
  0.170000000000000E+03  0.657952451969471E-11
  0.171000000000000E+03  0.000000000000000E+00
  0.172000000000000E+03  0.000000000000000E+00
  0.173000000000000E+03  0.000000000000000E+00
  0.174000000000000E+03  0.000000000000000E+00
  0.175000000000000E+03  0.000000000000000E+00
  0.176000000000000E+03  0.000000000000000E+00
  0.177000000000000E+03  0.000000000000000E+00
  0.178000000000000E+03  0.000000000000000E+00
  0.179000000000000E+03  0.000000000000000E+00
  0.180000000000000E+03  0.000000000000000E+00
  0.181000000000000E+03  0.000000000000000E+00
  0.182000000000000E+03  0.000000000000000E+00
  0.183000000000000E+03  0.000000000000000E+00
  0.184000000000000E+03  0.000000000000000E+00
  0.185000000000000E+03  0.000000000000000E+00
  0.186000000000000E+03  0.000000000000000E+00
  0.187000000000000E+03  0.000000000000000E+00
  0.188000000000000E+03  0.000000000000000E+00
  0.189000000000000E+03  0.000000000000000E+00
  0.190000000000000E+03  0.000000000000000E+00
  0.191000000000000E+03  0.000000000000000E+00
  0.192000000000000E+03  0.000000000000000E+00
  0.193000000000000E+03  0.000000000000000E+00
  0.194000000000000E+03  0.000000000000000E+00
  0.195000000000000E+03  0.000000000000000E+00
  0.196000000000000E+03  0.000000000000000E+00
  0.197000000000000E+03  0.000000000000000E+00
  0.198000000000000E+03  0.000000000000000E+00
  0.199000000000000E+03  0.000000000000000E+00
  0.200000000000000E+03  0.000000000000000E+00
  0.201000000000000E+03  0.000000000000000E+00
  0.202000000000000E+03  0.000000000000000E+00
  0.203000000000000E+03  0.000000000000000E+00
  0.204000000000000E+03  0.000000000000000E+00
  0.205000000000000E+03  0.000000000000000E+00
  0.206000000000000E+03  0.000000000000000E+00
  0.207000000000000E+03  0.000000000000000E+00
  0.208000000000000E+03  0.000000000000000E+00
  0.209000000000000E+03  0.000000000000000E+00
  0.210000000000000E+03  0.000000000000000E+00
  0.211000000000000E+03  0.000000000000000E+00
  0.212000000000000E+03  0.000000000000000E+00
  0.213000000000000E+03  0.000000000000000E+00
  0.214000000000000E+03  0.000000000000000E+00
  0.215000000000000E+03  0.000000000000000E+00
  0.216000000000000E+03  0.000000000000000E+00
  0.217000000000000E+03  0.000000000000000E+00
  0.218000000000000E+03  0.000000000000000E+00
  0.219000000000000E+03  0.000000000000000E+00
  0.220000000000000E+03  0.000000000000000E+00
  0.221000000000000E+03  0.000000000000000E+00
  0.222000000000000E+03  0.000000000000000E+00
  0.223000000000000E+03  0.000000000000000E+00
  0.224000000000000E+03  0.000000000000000E+00
  0.225000000000000E+03  0.000000000000000E+00
  0.226000000000000E+03  0.000000000000000E+00
  0.227000000000000E+03  0.000000000000000E+00
  0.228000000000000E+03  0.000000000000000E+00
  0.229000000000000E+03  0.000000000000000E+00
  0.230000000000000E+03  0.000000000000000E+00
  0.231000000000000E+03  0.000000000000000E+00
  0.232000000000000E+03  0.000000000000000E+00
  0.233000000000000E+03  0.000000000000000E+00
  0.234000000000000E+03  0.000000000000000E+00
  0.235000000000000E+03  0.000000000000000E+00
  0.236000000000000E+03  0.000000000000000E+00
  0.237000000000000E+03  0.000000000000000E+00
  0.238000000000000E+03  0.000000000000000E+00
  0.239000000000000E+03  0.000000000000000E+00
  0.240000000000000E+03  0.000000000000000E+00
  0.241000000000000E+03  0.000000000000000E+00
  0.242000000000000E+03  0.000000000000000E+00
