  0.100000000000000E+01  0.137615129405697E-08
  0.200000000000000E+01  0.722479429379909E-09
  0.300000000000000E+01  0.523702020238347E-09
  0.400000000000000E+01  0.630688442957878E-09
  0.500000000000000E+01  0.338379907053265E-09
  0.600000000000000E+01  0.353391469033510E-09
  0.700000000000000E+01  0.262632850959574E-09
  0.800000000000000E+01  0.247598873400967E-09
  0.900000000000000E+01  0.277625211477742E-09
  0.100000000000000E+02  0.181750965833156E-09
  0.110000000000000E+02  0.196984933275383E-09
  0.120000000000000E+02  0.156977178320462E-09
  0.130000000000000E+02  0.174615172136307E-09
  0.140000000000000E+02  0.150035539948311E-09
  0.150000000000000E+02  0.125441012458194E-09
  0.160000000000000E+02  0.147875541500341E-09
  0.170000000000000E+02  0.129835595729954E-09
  0.180000000000000E+02  0.115599227501208E-09
  0.190000000000000E+02  0.107920459347865E-09
  0.200000000000000E+02  0.945723972058817E-10
  0.210000000000000E+02  0.110905413507428E-09
  0.220000000000000E+02  0.977463871520135E-10
  0.230000000000000E+02  0.920037749660012E-10
  0.240000000000000E+02  0.847120165318824E-10
  0.250000000000000E+02  0.911223456156416E-10
  0.260000000000000E+02  0.820884241160332E-10
  0.270000000000000E+02  0.743510293521537E-10
  0.280000000000000E+02  0.797159004592296E-10
  0.290000000000000E+02  0.694329301010524E-10
  0.300000000000000E+02  0.755513835524157E-10
  0.310000000000000E+02  0.678455465860803E-10
  0.320000000000000E+02  0.624511116218015E-10
  0.330000000000000E+02  0.651780926519085E-10
  0.340000000000000E+02  0.660625511463014E-10
  0.350000000000000E+02  0.622209844770606E-10
  0.360000000000000E+02  0.598611985176606E-10
  0.370000000000000E+02  0.556741490793211E-10
  0.380000000000000E+02  0.585224127711289E-10
  0.390000000000000E+02  0.528411422875423E-10
  0.400000000000000E+02  0.562299694269544E-10
  0.410000000000000E+02  0.502467851165829E-10
  0.420000000000000E+02  0.510254017129977E-10
  0.430000000000000E+02  0.509157790381647E-10
  0.440000000000000E+02  0.465094751599948E-10
  0.450000000000000E+02  0.485717071991033E-10
  0.460000000000000E+02  0.445594567537622E-10
  0.470000000000000E+02  0.470522825780640E-10
  0.480000000000000E+02  0.450943360577333E-10
  0.490000000000000E+02  0.443862201352073E-10
  0.500000000000000E+02  0.431685967820335E-10
  0.510000000000000E+02  0.420166920958413E-10
  0.520000000000000E+02  0.434278063478143E-10
  0.530000000000000E+02  0.383837269565618E-10
  0.540000000000000E+02  0.393695405816871E-10
  0.550000000000000E+02  0.397722912960582E-10
  0.560000000000000E+02  0.370574337714567E-10
  0.570000000000000E+02  0.395699837981017E-10
  0.580000000000000E+02  0.341460403606222E-10
  0.590000000000000E+02  0.385391751936018E-10
  0.600000000000000E+02  0.360900845637271E-10
  0.610000000000000E+02  0.338201845862566E-10
  0.620000000000000E+02  0.356118579097936E-10
  0.630000000000000E+02  0.313956097819888E-10
  0.640000000000000E+02  0.367975288578670E-10
  0.650000000000000E+02  0.323851422425179E-10
  0.660000000000000E+02  0.333005768773402E-10
  0.670000000000000E+02  0.320024669885573E-10
  0.680000000000000E+02  0.307813718041878E-10
  0.690000000000000E+02  0.322067393293871E-10
  0.700000000000000E+02  0.298872210087509E-10
  0.710000000000000E+02  0.293445666757617E-10
  0.720000000000000E+02  0.317133531590939E-10
  0.730000000000000E+02  0.285124900726576E-10
  0.740000000000000E+02  0.295154954253042E-10
  0.750000000000000E+02  0.277604209951849E-10
  0.760000000000000E+02  0.289414423050720E-10
  0.770000000000000E+02  0.288760620841862E-10
  0.780000000000000E+02  0.265551791716668E-10
  0.790000000000000E+02  0.272263656845064E-10
  0.800000000000000E+02  0.263394729173041E-10
  0.810000000000000E+02  0.279903213639330E-10
  0.820000000000000E+02  0.260715199235081E-10
  0.830000000000000E+02  0.254510351409111E-10
  0.840000000000000E+02  0.250593702113382E-10
  0.850000000000000E+02  0.261824583464803E-10
  0.860000000000000E+02  0.233433628518878E-10
  0.870000000000000E+02  0.208094979547354E-10
  0.880000000000000E+02  0.194574916627727E-10
  0.890000000000000E+02  0.202394322729570E-10
  0.900000000000000E+02  0.177450239786279E-10
  0.910000000000000E+02  0.176946967977939E-10
  0.920000000000000E+02  0.165009382642607E-10
  0.930000000000000E+02  0.164631585382105E-10
  0.940000000000000E+02  0.153390861576283E-10
  0.950000000000000E+02  0.150194528799955E-10
  0.960000000000000E+02  0.144123151864929E-10
  0.970000000000000E+02  0.139715809529432E-10
  0.980000000000000E+02  0.146795917140049E-10
  0.990000000000000E+02  0.125553752146484E-10
  0.100000000000000E+03  0.129951415040324E-10
  0.101000000000000E+03  0.115313650039666E-10
  0.102000000000000E+03  0.121056439764050E-10
  0.103000000000000E+03  0.123817573122582E-10
  0.104000000000000E+03  0.104910604526139E-10
  0.105000000000000E+03  0.111695681040222E-10
  0.106000000000000E+03  0.103486888873180E-10
  0.107000000000000E+03  0.103968953657312E-10
  0.108000000000000E+03  0.102030407972461E-10
  0.109000000000000E+03  0.955265552932417E-11
  0.110000000000000E+03  0.971895608076039E-11
  0.111000000000000E+03  0.887572363001188E-11
  0.112000000000000E+03  0.883090203011948E-11
  0.113000000000000E+03  0.846117319114602E-11
  0.114000000000000E+03  0.873584349424313E-11
  0.115000000000000E+03  0.827003348356128E-11
  0.116000000000000E+03  0.812611614799777E-11
  0.117000000000000E+03  0.748615440710153E-11
  0.118000000000000E+03  0.736328568675530E-11
  0.119000000000000E+03  0.733871373246605E-11
  0.120000000000000E+03  0.721671966390125E-11
  0.121000000000000E+03  0.728218266435309E-11
  0.122000000000000E+03  0.651590054798486E-11
  0.123000000000000E+03  0.695493324910791E-11
  0.124000000000000E+03  0.621614713334183E-11
  0.125000000000000E+03  0.603212035271133E-11
  0.126000000000000E+03  0.611081483657202E-11
  0.127000000000000E+03  0.609891520946250E-11
  0.128000000000000E+03  0.566736698833093E-11
  0.129000000000000E+03  0.558032738427965E-11
  0.130000000000000E+03  0.525141533158426E-11
  0.131000000000000E+03  0.541239486274623E-11
  0.132000000000000E+03  0.509371749353130E-11
  0.133000000000000E+03  0.501789584448913E-11
  0.134000000000000E+03  0.501861499334906E-11
  0.135000000000000E+03  0.456692629769093E-11
  0.136000000000000E+03  0.472340963705699E-11
  0.137000000000000E+03  0.436135762600540E-11
  0.138000000000000E+03  0.429931482917370E-11
  0.139000000000000E+03  0.437925744396777E-11
  0.140000000000000E+03  0.403548915533484E-11
  0.141000000000000E+03  0.390946522860294E-11
  0.142000000000000E+03  0.378694601548671E-11
  0.143000000000000E+03  0.366769099876659E-11
  0.144000000000000E+03  0.355101209985984E-11
  0.145000000000000E+03  0.363240560579617E-11
  0.146000000000000E+03  0.332375673753340E-11
  0.147000000000000E+03  0.327873856774519E-11
  0.148000000000000E+03  0.323381735626400E-11
  0.149000000000000E+03  0.300411817062239E-11
  0.150000000000000E+03  0.290366657066302E-11
  0.151000000000000E+03  0.274502916704626E-11
  0.152000000000000E+03  0.276876447237945E-11
  0.153000000000000E+03  0.255666410657548E-11
  0.154000000000000E+03  0.252373519656408E-11
  0.155000000000000E+03  0.237662349453188E-11
  0.156000000000000E+03  0.223330823169530E-11
  0.157000000000000E+03  0.220484697470089E-11
  0.158000000000000E+03  0.206638719158299E-11
  0.159000000000000E+03  0.193158360394431E-11
  0.160000000000000E+03  0.185387968334644E-11
  0.161000000000000E+03  0.172495211570095E-11
  0.162000000000000E+03  0.170366972622243E-11
  0.163000000000000E+03  0.152710670875664E-11
  0.164000000000000E+03  0.135528839202775E-11
  0.165000000000000E+03  0.128847421879210E-11
  0.166000000000000E+03  0.112329997259927E-11
  0.167000000000000E+03  0.961967652505044E-12
  0.168000000000000E+03  0.853086224506715E-12
  0.169000000000000E+03  0.698514347615902E-12
  0.170000000000000E+03  0.356902281057381E-12
  0.171000000000000E+03  0.000000000000000E+00
  0.172000000000000E+03  0.000000000000000E+00
  0.173000000000000E+03  0.000000000000000E+00
  0.174000000000000E+03  0.000000000000000E+00
  0.175000000000000E+03  0.000000000000000E+00
  0.176000000000000E+03  0.000000000000000E+00
  0.177000000000000E+03  0.000000000000000E+00
  0.178000000000000E+03  0.000000000000000E+00
  0.179000000000000E+03  0.000000000000000E+00
  0.180000000000000E+03  0.000000000000000E+00
  0.181000000000000E+03  0.000000000000000E+00
  0.182000000000000E+03  0.000000000000000E+00
  0.183000000000000E+03  0.000000000000000E+00
  0.184000000000000E+03  0.000000000000000E+00
  0.185000000000000E+03  0.000000000000000E+00
  0.186000000000000E+03  0.000000000000000E+00
  0.187000000000000E+03  0.000000000000000E+00
  0.188000000000000E+03  0.000000000000000E+00
  0.189000000000000E+03  0.000000000000000E+00
  0.190000000000000E+03  0.000000000000000E+00
  0.191000000000000E+03  0.000000000000000E+00
  0.192000000000000E+03  0.000000000000000E+00
  0.193000000000000E+03  0.000000000000000E+00
  0.194000000000000E+03  0.000000000000000E+00
  0.195000000000000E+03  0.000000000000000E+00
  0.196000000000000E+03  0.000000000000000E+00
  0.197000000000000E+03  0.000000000000000E+00
  0.198000000000000E+03  0.000000000000000E+00
  0.199000000000000E+03  0.000000000000000E+00
  0.200000000000000E+03  0.000000000000000E+00
  0.201000000000000E+03  0.000000000000000E+00
  0.202000000000000E+03  0.000000000000000E+00
  0.203000000000000E+03  0.000000000000000E+00
  0.204000000000000E+03  0.000000000000000E+00
  0.205000000000000E+03  0.000000000000000E+00
  0.206000000000000E+03  0.000000000000000E+00
  0.207000000000000E+03  0.000000000000000E+00
  0.208000000000000E+03  0.000000000000000E+00
  0.209000000000000E+03  0.000000000000000E+00
  0.210000000000000E+03  0.000000000000000E+00
  0.211000000000000E+03  0.000000000000000E+00
  0.212000000000000E+03  0.000000000000000E+00
  0.213000000000000E+03  0.000000000000000E+00
  0.214000000000000E+03  0.000000000000000E+00
  0.215000000000000E+03  0.000000000000000E+00
  0.216000000000000E+03  0.000000000000000E+00
  0.217000000000000E+03  0.000000000000000E+00
  0.218000000000000E+03  0.000000000000000E+00
  0.219000000000000E+03  0.000000000000000E+00
  0.220000000000000E+03  0.000000000000000E+00
  0.221000000000000E+03  0.000000000000000E+00
  0.222000000000000E+03  0.000000000000000E+00
  0.223000000000000E+03  0.000000000000000E+00
  0.224000000000000E+03  0.000000000000000E+00
  0.225000000000000E+03  0.000000000000000E+00
  0.226000000000000E+03  0.000000000000000E+00
  0.227000000000000E+03  0.000000000000000E+00
  0.228000000000000E+03  0.000000000000000E+00
  0.229000000000000E+03  0.000000000000000E+00
  0.230000000000000E+03  0.000000000000000E+00
  0.231000000000000E+03  0.000000000000000E+00
  0.232000000000000E+03  0.000000000000000E+00
  0.233000000000000E+03  0.000000000000000E+00
  0.234000000000000E+03  0.000000000000000E+00
  0.235000000000000E+03  0.000000000000000E+00
  0.236000000000000E+03  0.000000000000000E+00
  0.237000000000000E+03  0.000000000000000E+00
  0.238000000000000E+03  0.000000000000000E+00
  0.239000000000000E+03  0.000000000000000E+00
  0.240000000000000E+03  0.000000000000000E+00
  0.241000000000000E+03  0.000000000000000E+00
  0.242000000000000E+03  0.000000000000000E+00
