0
-0.0752700465955684
0
-0.00744869168543364
0
-0.00143689268719669
0
-0.00036396500663594
0
-0.000102262076085654
0
-3.04701354826321e-05
0
-9.52522179119747e-06
0
-3.12354660867235e-06
0
-1.0770213279013e-06
0
-3.90774900563076e-07
0
-1.48792410570669e-07
0
-5.91098491389637e-08
0
-2.43197140647807e-08
0
-1.02865912444407e-08
0
-4.44419462700324e-09
0
-1.95090573296013e-09
0
-8.66549219840398e-10
0
-3.88187367660341e-10
0
-1.74924039527454e-10
0
-7.91214209691914e-11
0
-3.58560018414823e-11
0
-1.62454439194315e-11
0
-7.32825290074777e-12
0
-3.24562074386756e-12
0
-1.32231298454546e-12
0
0
0
0
0
0
0
0
0
0
0
0
0
0
0
0
0
0
0
0
0
0
0
0
0
0
0
0
0
-0.000573533348439773
0
-0.000620774191577717
0
-0.000237734989205015
0
-8.45839576637586e-05
0
-3.01312083512412e-05
0
-1.09165734042492e-05
0
-4.05688783435922e-06
0
-1.55592105810695e-06
0
-6.17640385491271e-07
0
-2.53575748138481e-07
0
-1.07274791319058e-07
0
-4.65206164919147e-08
0
-2.05688046207608e-08
0
-9.22787935088179e-09
0
-4.18414484937876e-09
0
-1.91143202593132e-09
0
-8.77571893419444e-10
0
-4.04135132753507e-10
0
-1.86387295697626e-10
0
-8.59888942652098e-11
0
-3.96583707728904e-11
0
-1.83001104808815e-11
0
-8.50164746377218e-12
0
-4.09949478538762e-12
0
-2.50458839607599e-12
0
0
0
0
0
0
0
0
0
0
0
0
0
0
0
0
0
0
0
0
0
0
0
0
0
-0.00237256240268715
0
-0.000936546398656705
0
-0.00016808424703731
0
-2.48295129744871e-05
0
-5.15573050844068e-06
0
-2.25150723798798e-06
0
-1.2886357933536e-06
0
-7.16360860059417e-07
0
-3.76236624912866e-07
0
-1.90225514819052e-07
0
-9.41422393353648e-08
0
-4.60677523059511e-08
0
-2.24081101647965e-08
0
-1.08606812181524e-08
0
-5.24963456305052e-09
0
-2.53086073026045e-09
0
-1.21667254104782e-09
0
-5.83022472520764e-10
0
-2.78369321517532e-10
0
-1.3236775448505e-10
0
-6.26469246614794e-11
0
-2.94725345026747e-11
0
-1.37280839133191e-11
0
-6.23543550856908e-12
0
-2.5824713428612e-12
0
0
0
0
0
0
0
0
0
0
0
0
0
0
0
0
0
0
0
0
0
0
0
0
0
0
0
0
0
-0.000295524145252143
0
-0.000183670292630088
0
-5.17780401203089e-05
0
-1.04203332892812e-05
0
-1.69267566994973e-06
0
-3.00700886512836e-07
0
-1.3925187270136e-07
0
-1.07905197380295e-07
0
-7.69122709460144e-08
0
-4.87911081296249e-08
0
-2.86593198810353e-08
0
-1.60357747045907e-08
0
-8.6892428444542e-09
0
-4.60258206551234e-09
0
-2.39597652681215e-09
0
-1.22974817761918e-09
0
-6.23552230039734e-10
0
-3.12772324755077e-10
0
-1.5534414493786e-10
0
-7.64588966883335e-11
0
-3.73345202049463e-11
0
-1.81350989739332e-11
0
-8.84425264194127e-12
0
-4.49084748004542e-12
0
-2.90564796858883e-12
0
0
0
0
0
0
0
0
0
0
0
0
0
0
0
0
0
0
0
0
0
0
0
0
0
-0.000282563672490229
0
-7.71582808055287e-05
0
-9.49841331836889e-06
0
-1.48024591231553e-06
0
-5.32698722794109e-07
0
-2.02775629069688e-07
0
-8.20438490581824e-08
0
-4.45945161263483e-08
0
-3.00769409774065e-08
0
-2.08717919875846e-08
0
-1.38698824047207e-08
0
-8.76098403984698e-09
0
-5.30026916963477e-09
0
-3.09637748772483e-09
0
-1.75761727189737e-09
0
-9.73771134321198e-10
0
-5.28292432135047e-10
0
-2.81349489311773e-10
0
-1.47363271083699e-10
0
-7.6016710304317e-11
0
-3.86500844167372e-11
0
-1.93599616928742e-11
0
-9.51184793942083e-12
0
-4.50117522229089e-12
0
-1.91554673815997e-12
0
0
0
0
0
0
0
0
0
0
0
0
0
0
0
0
0
0
0
0
0
0
0
0
0
0
0
0
0
-6.08227494403259e-05
0
-2.55696575460402e-05
0
-3.76662125056832e-06
0
3.06857814153307e-07
0
3.34934870455598e-07
0
1.13947460076451e-07
0
2.40030781849415e-08
0
-9.42305862573075e-10
0
-5.68850504091021e-09
0
-5.27800949370645e-09
0
-3.91101367889082e-09
0
-2.65088783614912e-09
0
-1.70559390293574e-09
0
-1.05620631228153e-09
0
-6.33650047273155e-10
0
-3.6972221267859e-10
0
-2.10409365809374e-10
0
-1.170687256604e-10
0
-6.38139572540598e-11
0
-3.41500880876119e-11
0
-1.79887891303983e-11
0
-9.37301253411269e-12
0
-4.89534995612228e-12
0
-2.67596699600166e-12
0
-1.87192514145664e-12
0
0
0
0
0
0
0
0
0
0
0
0
0
0
0
0
0
0
0
0
0
0
0
0
0
-5.81260205709996e-05
0
-4.75856584787353e-06
0
-7.29856247499147e-07
0
-5.7602968447535e-08
0
9.46587376238308e-08
0
6.55000122668881e-08
0
2.66142938454892e-08
0
7.66037936380773e-09
0
8.80281275148485e-10
0
-1.01141893648541e-09
0
-1.26537470557832e-09
0
-1.05786508392448e-09
0
-7.75211940769132e-10
0
-5.30703032198775e-10
0
-3.47073624292481e-10
0
-2.18892388057761e-10
0
-1.33770221581757e-10
0
-7.94550464995634e-11
0
-4.59732957079147e-11
0
-2.59587642689734e-11
0
-1.43186950244789e-11
0
-7.70909382754955e-12
0
-4.0255812857621e-12
0
-1.99181662653666e-12
0
-8.74155504000832e-13
0
0
0
0
0
0
0
0
0
0
0
0
0
0
0
0
0
0
0
0
0
0
0
0
0
0
0
0
0
-6.56716393856408e-06
0
-2.47242676226261e-06
0
1.44092900681199e-07
0
2.66815390718431e-07
0
1.04873653625754e-07
0
3.00876669524029e-08
0
7.21713352589778e-09
0
1.27483084713537e-09
0
-1.11469647516872e-10
0
-3.75205458036986e-10
0
-3.69848876257528e-10
0
-3.02424088480936e-10
0
-2.27850259414049e-10
0
-1.62671860995009e-10
0
-1.1127712712407e-10
0
-7.33446236746402e-11
0
-4.67435406432922e-11
0
-2.88825294966085e-11
0
-1.73457262396858e-11
0
-1.01529279462558e-11
0
-5.81444285047199e-12
0
-3.28169776238019e-12
0
-1.85746261516415e-12
0
-1.10614435835825e-12
0
-8.44344595102143e-13
0
0
0
0
0
0
0
0
0
0
0
0
0
0
0
0
0
0
0
0
0
0
0
0
0
-1.57738267085614e-05
0
-2.67747305414066e-07
0
1.30139017532634e-08
0
9.50686684009009e-08
0
6.52615468442181e-08
0
2.64839356630196e-08
0
8.27911017196519e-09
0
2.10180259783635e-09
0
3.67324294964223e-10
0
-4.10706345185903e-11
0
-1.1047358809032e-10
0
-1.05094853406701e-10
0
-8.61633301588651e-11
0
-6.6580663682053e-11
0
-4.92743614310361e-11
0
-3.50600991529814e-11
0
-2.40334357637917e-11
0
-1.59010608968347e-11
0
-1.01717233082287e-11
0
-6.29985787140586e-12
0
-3.77943683093946e-12
0
-2.19130814955594e-12
0
-1.21578902229052e-12
0
-6.25932101049892e-13
0
-2.82045089493819e-13
0
0
0
0
0
0
0
0
0
0
0
0
0
0
0
0
0
0
0
0
0
0
0
0
0
0
0
0
0
1.09578565608719e-06
0
-2.67718495702781e-07
0
7.93132260744175e-08
0
6.20606326501713e-08
0
2.10855537448817e-08
0
5.20806868711704e-09
0
1.01784773534049e-09
0
1.36177573760408e-10
0
-1.66567308444821e-11
0
-3.51150207502669e-11
0
-3.28559041170922e-11
0
-2.82638032883003e-11
0
-2.35647499867243e-11
0
-1.89625453095724e-11
0
-1.46553592752171e-11
0
-1.0870230006359e-11
0
-7.74896364473506e-12
0
-5.32086170501949e-12
0
-3.52880866079354e-12
0
-2.26828498917364e-12
0
-1.42070897588742e-12
0
-8.7556433982175e-13
0
-5.41907581194272e-13
0
-3.53730617549815e-13
0
-2.95565787473175e-13
0
0
0
0
0
0
0
0
0
0
0
0
0
0
0
0
0
0
0
0
0
0
0
0
0
-5.03632154263192e-06
0
-1.74102166502686e-07
0
5.59559476256961e-08
0
3.74020022082169e-08
0
1.71155882973652e-08
0
5.29683277592751e-09
0
1.11117731463833e-09
0
9.66093019559644e-11
0
-4.72570892435745e-11
0
-3.56863653272599e-11
0
-1.85980669537956e-11
0
-1.07867885794697e-11
0
-7.81394917535736e-12
0
-6.40141037973643e-12
0
-5.32336414836813e-12
0
-4.291818317595e-12
0
-3.31449156801212e-12
0
-2.44965722605394e-12
0
-1.73536471001792e-12
0
-1.1799186630795e-12
0
-7.69725966395407e-13
0
-4.79614781310326e-13
0
-2.81111896007012e-13
0
-1.48445243477003e-13
0
-6.71766201181198e-14
0
0
0
0
0
0
0
0
0
0
0
0
0
0
0
0
0
0
0
0
0
0
0
0
0
0
0
0
0
1.2272167389142e-06
0
-3.66192031496448e-08
0
1.19936731934878e-08
0
1.22426726910567e-08
0
3.73951838553549e-09
0
6.58501684707692e-10
0
1.23438468635879e-11
0
-5.10265140379888e-11
0
-2.98630158675586e-11
0
-1.28668035864023e-11
0
-5.39628198853475e-12
0
-2.7903210438445e-12
0
-1.98417384879663e-12
0
-1.68926559316561e-12
0
-1.47813645102875e-12
0
-1.25060205686502e-12
0
-1.00904253226226e-12
0
-7.76866462507766e-13
0
-5.73171494009636e-13
0
-4.07567386767035e-13
0
-2.81511773593345e-13
0
-1.91219078571069e-13
0
-1.30484459570218e-13
0
-9.36152369080052e-14
0
-8.52055322183368e-14
0
0
0
0
0
0
0
0
0
0
0
0
0
0
0
0
0
0
0
0
0
0
0
0
0
-1.78089823045854e-06
0
-2.0576998775064e-07
0
2.26752930744375e-08
0
1.07548339744227e-08
0
3.45885376865289e-09
0
7.11122854509759e-10
0
9.21694022474325e-12
0
-6.55320704896115e-11
0
-3.58696027437595e-11
0
-1.3546021553614e-11
0
-4.3537102464569e-12
0
-1.3892020972921e-12
0
-6.04090619668539e-13
0
-4.44439817356107e-13
0
-4.18847217251648e-13
0
-3.96484797542525e-13
0
-3.54249296625612e-13
0
-2.97231549082401e-13
0
-2.35225531573523e-13
0
-1.76184255693093e-13
0
-1.24866614098969e-13
0
-8.31376328772995e-14
0
-5.07528869380518e-14
0
-2.64514311959382e-14
0
-1.1082677829262e-14
0
0
0
0
0
0
0
0
0
0
0
0
0
0
0
0
0
0
0
0
0
0
0
0
0
0
0
0
0
7.05148618830092e-07
0
1.34631512003982e-08
0
-5.72138582079685e-10
0
2.00383175013584e-09
0
5.60671303847743e-10
0
1.96808900296862e-11
0
-4.92306115798191e-11
0
-2.93089417616592e-11
0
-1.16864728373808e-11
0
-3.81310829363635e-12
0
-1.07493807344336e-12
0
-2.84673589822474e-13
0
-1.08418769650994e-13
0
-9.23181856965785e-14
0
-1.03140171719162e-13
0
-1.08420815909696e-13
0
-1.03955037023344e-13
0
-9.24017570038141e-14
0
-7.73688865662088e-14
0
-6.18306818676706e-14
0
-4.77742240225516e-14
0
-3.6238573668215e-14
0
-2.75154451016609e-14
0
-2.17097599570391e-14
0
-2.09970387742141e-14
0
0
0
0
0
0
0
0
0
0
0
0
0
0
0
0
0
0
0
0
0
0
0
0
0
-6.74072245539321e-07
0
-1.68380121208573e-07
0
5.32493261005787e-09
0
3.38247409365167e-09
0
6.69998069528502e-10
0
4.93805418055184e-11
0
-4.05525395953989e-11
0
-2.67972207287373e-11
0
-1.05542318397856e-11
0
-3.24666598123398e-12
0
-8.18944572231251e-13
0
-1.58722173012206e-13
0
-1.69152620803933e-14
0
-2.93304616292081e-15
0
-1.25014028019172e-14
0
-2.16318221952258e-14
0
-2.62703744872045e-14
0
-2.68050728709895e-14
0
-2.44491604025205e-14
0
-2.04158442507075e-14
0
-1.56967387568835e-14
0
-1.09876363845009e-14
0
-6.67337888942646e-15
0
-2.92773686732333e-15
0
-5.7383895958408e-16
0
0
0
0
0
0
0
0
0
0
0
0
0
0
0
0
0
0
0
0
0
0
0
0
0
0
0
0
0
3.56083335260747e-07
0
2.75110633071859e-08
0
-1.303486796044e-09
0
5.33901519333189e-11
0
4.71140091448716e-11
0
-2.14752025250832e-11
0
-1.97128226598016e-11
0
-8.64837441332569e-12
0
-2.79829140201961e-12
0
-7.09719356746077e-13
0
-1.25588248664611e-13
0
-7.86002834890714e-16
0
1.20853227804647e-14
0
5.4051970363118e-15
0
-1.44209019066491e-15
0
-5.89994844992476e-15
0
-8.31055121641642e-15
0
-9.23645448054574e-15
0
-9.1496122053665e-15
0
-8.44794736845055e-15
0
-7.46119057727538e-15
0
-6.43055667276327e-15
0
-5.4862098298816e-15
0
-4.72448693887943e-15
0
-4.60733780150656e-15
0
0
0
0
0
0
0
0
0
0
0
0
0
0
0
0
0
0
0
0
0
0
0
0
0
-2.67570736612416e-07
0
-1.12160737584648e-07
0
-2.09062075643828e-09
0
1.27238313876012e-09
0
1.80193832131017e-10
0
-5.27303639488204e-12
0
-1.51262454085003e-11
0
-7.12493108029158e-12
0
-2.29720525470327e-12
0
-5.52143154910763e-13
0
-8.22930742412401e-14
0
8.8404972661206e-15
0
1.48307320364874e-14
0
8.89879169053883e-15
0
4.17459863559747e-15
0
1.38640342790993e-15
0
-1.93942652419043e-16
0
-1.04247535176794e-15
0
-1.39534267755874e-15
0
-1.39205236925506e-15
0
-1.14251014044409e-15
0
-7.42006801565682e-16
0
-2.63791102169453e-16
0
2.31055749611868e-16
0
3.3334152181965e-16
0
0
0
0
0
0
0
0
0
0
0
0
0
0
0
0
0
0
0
0
0
0
0
0
0
0
0
0
0
1.71678638473269e-07
0
2.62563775744128e-08
0
-2.70856290095059e-10
0
-2.09401215149018e-10
0
-1.88639309013151e-11
0
-9.33078013815141e-12
0
-5.32212037301359e-12
0
-1.91779095753111e-12
0
-4.77545054396214e-13
0
-6.61240440729007e-14
0
1.15069086653226e-14
0
1.36374563702638e-14
0
7.09523513750779e-15
0
2.93044641858115e-15
0
9.13736416209795e-16
0
-7.46505238766431e-17
0
-6.20745515559281e-16
0
-9.4866898924937e-16
0
-1.13957245217324e-15
0
-1.23336654048032e-15
0
-1.26073101781456e-15
0
-1.24355088334723e-15
0
-1.17853233490927e-15
0
-1.01482606063377e-15
0
0
0
0
0
0
0
0
0
0
0
0
0
0
0
0
0
0
0
0
0
0
0
0
0
0
0
-1.09868084953275e-07
0
-6.64652808686735e-08
0
-4.70806018191171e-09
0
4.77470959185984e-10
0
9.12293816315272e-11
0
-1.95049282503306e-13
0
-4.07780275787178e-12
0
-1.59240112914944e-12
0
-4.00509905561394e-13
0
-5.22202005529945e-14
0
1.26431615597144e-14
0
1.30050767827168e-14
0
6.67550310853368e-15
0
2.97404716968539e-15
0
1.38662442625804e-15
0
7.4816150678759e-16
0
4.62932048500358e-16
0
3.09762550941687e-16
0
2.21682195757203e-16
0
1.80565057653234e-16
0
1.77654400375916e-16
0
2.00274514548029e-16
0
2.26830251586698e-16
0
2.10608606140416e-16
0
-1.19480476125256e-16
0
0
0
0
0
0
0
0
0
0
0
0
0
0
0
0
0
0
0
0
0
0
0
0
0
0
0
0
0
8.09799922150286e-08
0
1.96212284962995e-08
0
6.03065724843359e-10
0
-1.58481233859168e-10
0
-2.24655408962839e-11
0
-3.38778392760555e-12
0
-1.17392872687298e-12
0
-3.42376181395906e-13
0
-5.08189631202746e-14
0
1.01486937667152e-14
0
1.1204401494457e-14
0
5.35880274847492e-15
0
1.94725855019191e-15
0
5.70664206771246e-16
0
9.33162236362595e-17
0
-7.27532700372167e-17
0
-1.46950886991468e-16
0
-1.96350251995952e-16
0
-2.37306636418776e-16
0
-2.71629999922834e-16
0
-2.96499435538447e-16
0
-3.0399433555414e-16
0
-2.75523531469306e-16
0
-1.77401553899957e-16
0
0
0
0
0
0
0
0
0
0
0
0
0
0
0
0
0
0
0
0
0
0
0
0
0
0
0
-4.61947865665449e-08
0
-3.6631730744273e-08
0
-4.77781155002477e-09
0
7.16392983188678e-11
0
5.8841306412611e-11
0
3.77768537052835e-12
0
-8.44000530667173e-13
0
-3.27810235363494e-13
0
-5.3692874104327e-14
0
6.56812783277578e-15
0
9.54952189684012e-15
0
4.87201293363549e-15
0
1.92800115874638e-15
0
7.24421322151826e-16
0
3.21953998669835e-16
0
2.01161904921047e-16
0
1.64035109904362e-16
0
1.49753360887885e-16
0
1.43228855359308e-16
0
1.41421324482292e-16
0
1.42447712038819e-16
0
1.41913569868885e-16
0
1.32409880681123e-16
0
1.07947129461272e-16
0
5.72450545475975e-17
0
0
0
0
0
0
0
0
0
0
0
0
0
0
0
0
0
0
0
0
0
0
0
0
0
0
0
0
0
3.77088381323504e-08
0
1.2807070715868e-08
0
9.84309408623756e-10
0
-6.94989038570908e-11
0
-1.81976248498493e-11
0
-1.83285007259673e-12
0
-2.37993248373449e-13
0
-4.32433824866109e-14
0
2.65853390282114e-15
0
7.2060961189027e-15
0
3.83781476266481e-15
0
1.38938766938444e-15
0
3.63899888954967e-16
0
3.32486441115564e-17
0
-5.33094390430299e-17
0
-7.22328629157311e-17
0
-7.80571545377134e-17
0
-8.42069392826215e-17
0
-9.24214386720787e-17
0
-1.01417810171402e-16
0
-1.09081809364942e-16
0
-1.1347393573269e-16
0
-1.15795884864248e-16
0
-1.19187617581969e-16
0
0
0
0
0
0
0
0
0
0
0
0
0
0
0
0
0
0
0
0
0
0
0
0
0
0
0
-1.97322238983763e-08
0
-1.92227605343196e-08
0
-3.77558563748026e-09
0
-1.40513811117172e-10
0
3.29204976450851e-11
0
4.6373556497224e-12
0
4.61300437042975e-14
0
-6.55020052019808e-14
0
-5.20790404152172e-15
0
5.01320525794796e-15
0
3.24286410415585e-15
0
1.31428255516907e-15
0
4.44150345271427e-16
0
1.53880409795446e-16
0
7.66151894734619e-17
0
6.11906293910114e-17
0
6.04414945945639e-17
0
6.27315787218411e-17
0
6.59415288103608e-17
0
6.98528553774016e-17
0
7.45301029850377e-17
0
8.04980112835607e-17
0
8.947411361954e-17
0
9.88171005181826e-17
0
4.49764814838382e-17
0
0
0
0
0
0
0
0
0
0
0
0
0
0
0
0
0
0
0
0
0
0
0
0
0
0
0
0
0
1.73916973565962e-08
0
7.64924111027494e-09
0
9.77493569330717e-10
0
3.52233204108912e-13
0
-1.22360261799872e-11
0
-1.49041685494626e-12
0
-8.68497267647717e-14
0
1.05967948972106e-15
0
4.00640862806946e-15
0
2.41798470794611e-15
0
9.66146492306471e-16
0
2.66617211625501e-16
0
2.8545877843533e-17
0
-3.13340359274331e-17
0
-4.07058702022043e-17
0
-4.06021444641866e-17
0
-4.09138977936148e-17
0
-4.3068177123522e-17
0
-4.69078675089286e-17
0
-5.24183302213501e-17
0
-6.01561669729948e-17
0
-7.09144717775045e-17
0
-8.17716694115932e-17
0
-6.81890747126772e-17
0
0
0
0
0
0
0
0
0
0
0
0
0
0
0
0
0
0
0
0
0
0
0
0
0
0
0
-8.50937987468029e-09
0
-9.72968112137519e-09
0
-2.59130813315955e-09
0
-2.1849630782473e-10
0
1.11457535778711e-11
0
3.87428540443288e-12
0
3.02924057072118e-13
0
-5.13993557005721e-15
0
-1.1474714649551e-15
0
1.51092983402208e-15
0
8.48157310499954e-16
0
2.97867098364983e-16
0
9.02687443242515e-17
0
3.45671616440417e-17
0
2.48880488889278e-17
0
2.5556908754386e-17
0
2.78422225656371e-17
0
3.04819948925236e-17
0
3.37584048102144e-17
0
3.82708855555904e-17
0
4.47916627194227e-17
0
5.37768368678977e-17
0
6.30994836163755e-17
0
6.1384798490754e-17
0
2.80921278454093e-17
0
0
0
0
0
0
0
0
0
0
0
0
0
0
0
0
0
0
0
0
0
0
0
0
0
0
0
0
0
7.95111286836674e-09
0
4.28543412337882e-09
0
7.81042871386665e-10
0
3.96121867616257e-11
0
-6.14107429059762e-12
0
-1.24537047946339e-12
0
-8.95929987305409e-14
0
1.92261808381285e-15
0
2.02807042275299e-15
0
6.91342119053024e-16
0
1.98058056318618e-16
0
3.00896027325522e-17
0
-1.47060424552485e-17
0
-2.17551164461543e-17
0
-2.12099340262194e-17
0
-2.07883268630676e-17
0
-2.16489969148282e-17
0
-2.37860097916874e-17
0
-2.73385498370506e-17
0
-3.26752220022713e-17
0
-3.99117149575323e-17
0
-4.76540441528747e-17
0
-5.08378122941241e-17
0
-3.78230460599017e-17
0
0
0
0
0
0
0
0
0
0
0
0
0
0
0
0
0
0
0
0
0
0
0
0
0
0
0
-3.68609256711011e-09
0
-4.78554180409242e-09
0
-1.61621779460222e-09
0
-2.12658666292735e-10
0
-3.78063505295502e-12
0
2.44239266784578e-12
0
3.46693124340502e-13
0
1.66919698030354e-14
0
-6.24633605894314e-16
0
1.89548028672375e-16
0
1.77068250290889e-16
0
6.14243725285056e-17
0
1.9428431475209e-17
0
1.1334725933188e-17
0
1.16832286575786e-17
0
1.32354784558796e-17
0
1.49005385017164e-17
0
1.69418472531179e-17
0
1.98095925717015e-17
0
2.39092899364946e-17
0
2.93338702717504e-17
0
3.52878961461708e-17
0
3.93496519844157e-17
0
3.59187483137583e-17
0
0
0
0
0
0
0
0
0
0
0
0
0
0
0
0
0
0
0
0
0
0
0
0
0
0
0
0
0
0
0
3.60218047642876e-09
0
2.28527359701203e-09
0
5.45508450035429e-10
0
5.23156314273292e-11
0
-1.20735447073675e-12
0
-8.80264068797869e-13
0
-1.00209712719801e-13
0
-2.90498560146856e-15
0
8.91127175324463e-16
0
2.30645568340627e-16
0
3.59705576311468e-17
0
-4.56495250501541e-18
0
-1.12071999065224e-17
0
-1.11331605565086e-17
0
-1.07148987830048e-17
0
-1.10686733222006e-17
0
-1.22371637458758e-17
0
-1.42543270341259e-17
0
-1.7235016846272e-17
0
-2.11621780613554e-17
0
-2.55567735766664e-17
0
-2.9158241536134e-17
0
-2.90432177075838e-17
0
-1.48187528445784e-17
0
0
0
0
0
0
0
0
0
0
0
0
0
0
0
0
0
0
0
0
0
0
0
0
0
0
0
-1.59735379426538e-09
0
-2.29722433836062e-09
0
-9.38619077542873e-10
0
-1.6867283317473e-10
0
-1.12431278624882e-11
0
9.8846580489108e-13
0
2.86821012329809e-13
0
2.64459673249358e-14
0
5.11802341932675e-16
0
-1.05292861016792e-16
0
1.36277383047147e-17
0
1.18373964245201e-17
0
6.09157670962376e-18
0
5.64484413667502e-18
0
6.50851645490536e-18
0
7.49136578862777e-18
0
8.64200090403853e-18
0
1.02065973994494e-17
0
1.23748207156159e-17
0
1.51791113566992e-17
0
1.83811837667024e-17
0
2.13632169646772e-17
0
2.27434470808569e-17
0
1.84650550911817e-17
0
0
0
0
0
0
0
0
0
0
0
0
0
0
0
0
0
0
0
0
0
0
0
0
0
0
0
0
0
0
0
1.61586048802512e-09
0
1.1706799053413e-09
0
3.4616452861733e-10
0
4.83825837333541e-11
0
1.8694237835646e-12
0
-4.64126138993291e-13
0
-9.05690910136814e-14
0
-6.67448710008315e-15
0
1.70322023389322e-16
0
1.06440982769698e-16
0
1.04652876301056e-17
0
-4.77790592241768e-18
0
-5.83110106335877e-18
0
-5.58914118501801e-18
0
-5.70200590209556e-18
0
-6.28189359063033e-18
0
-7.31740906738418e-18
0
-8.82520471464928e-18
0
-1.07890392078683e-17
0
-1.30801472135344e-17
0
-1.53929318399904e-17
0
-1.70369221334047e-17
0
-1.61143078174086e-17
0
-8.5591272410187e-18
0
0
0
0
0
0
0
0
0
0
0
0
0
0
0
0
0
0
0
0
0
0
0
0
0
0
0
-6.90161664419387e-10
0
-1.07902685016456e-09
0
-5.15129966250802e-10
0
-1.17581579304826e-10
0
-1.28930706331251e-11
0
-9.53730638425437e-14
0
1.80046314478609e-13
0
2.73153266599677e-14
0
1.68485347657014e-15
0
-5.53682792509709e-17
0
-1.8135937125271e-17
0
1.08878588320313e-18
0
2.82440472868579e-18
0
3.26421441472342e-18
0
3.785821821251e-18
0
4.39661520706374e-18
0
5.19159970687381e-18
0
6.25958844768253e-18
0
7.62828149835492e-18
0
9.25086632352305e-18
0
1.09951483084851e-17
0
1.25536502464385e-17
0
1.31035360149087e-17
0
1.08602975818127e-17
0
0
0
0
0
0
0
0
0
0
0
0
0
0
0
0
0
0
0
0
0
0
0
0
0
0
0
0
0
0
0
7.16990978317549e-10
0
5.7956161768704e-10
0
2.04018883839578e-10
0
3.73773546337735e-11
0
3.15678107024938e-12
0
-1.09879425592931e-13
0
-6.40909587572328e-14
0
-7.96434596680643e-15
0
-3.4334354230182e-16
0
4.42610546788161e-17
0
7.63365253477622e-18
0
-2.04428979552669e-18
0
-2.88498429991956e-18
0
-2.94555395134115e-18
0
-3.2046048133638e-18
0
-3.69963836004059e-18
0
-4.42118533499221e-18
0
-5.36124453834834e-18
0
-6.49585528193705e-18
0
-7.77212473517131e-18
0
-9.05888531978804e-18
0
-9.97916041124285e-18
0
-9.48482151610324e-18
0
-5.07248367979567e-18
0
0
0
0
0
0
0
0
0
0
0
0
0
0
0
0
0
0
0
0
0
0
0
0
0
0
0
-2.9650332717034e-10
0
-4.96677848276088e-10
0
-2.6976491088279e-10
0
-7.4602023060995e-11
0
-1.12220569495996e-11
0
-6.86151675254608e-13
0
7.21442389288093e-14
0
2.15240520992606e-14
0
2.28951452218284e-15
0
7.3465865362691e-17
0
-1.41557012871611e-17
0
-1.44374616583177e-18
0
1.40945070915927e-18
0
1.90259036021713e-18
0
2.2160791484812e-18
0
2.60175491443308e-18
0
3.1072694638796e-18
0
3.75254544629541e-18
0
4.54014431812331e-18
0
5.46006089492666e-18
0
6.47148697823199e-18
0
7.42504795344721e-18
0
7.83448248363139e-18
0
6.1112263832451e-18
0
0
0
0
0
0
0
0
0
0
0
0
0
0
0
0
0
0
0
0
0
0
0
0
0
0
0
0
0
0
0
3.14382198693639e-10
0
2.78403657540205e-10
0
1.13244988113834e-10
0
2.56143738952315e-11
0
3.19476435899883e-12
0
1.18119947787661e-13
0
-3.25309858553654e-14
0
-6.94211575749609e-15
0
-6.28355297172088e-16
0
-7.50678012329359e-18
0
5.14224256999845e-18
0
-4.61354652271806e-19
0
-1.43365795382086e-18
0
-1.62081910195629e-18
0
-1.84616872558986e-18
0
-2.17811811944337e-18
0
-2.61540042091067e-18
0
-3.15873879357292e-18
0
-3.81248368654159e-18
0
-4.57197342489934e-18
0
-5.37717859769592e-18
0
-5.96887276141799e-18
0
-5.46095895687749e-18
0
0
0
0
0
0
0
0
0
0
0
0
0
0
0
0
0
0
0
0
0
0
0
0
0
0
0
0
0
-1.2637776773514e-10
0
-2.2424016678313e-10
0
-1.3569854566948e-10
0
-4.39530605894904e-11
0
-8.35208670937345e-12
0
-8.61389137849157e-13
0
-7.68257383102342e-15
0
1.27019978436925e-14
0
2.184074103077e-15
0
1.72004509425318e-16
0
-6.90603701761163e-19
0
-1.44662357420394e-18
0
6.33252593994642e-19
0
1.08095850364425e-18
0
1.28571859503214e-18
0
1.5194288403889e-18
0
1.81678983576666e-18
0
2.18792147441531e-18
0
2.64314627675712e-18
0
3.18878883936994e-18
0
3.79884116652458e-18
0
4.32892901800775e-18
0
4.27878113916937e-18
0
2.23521276071368e-18
0
0
0
0
0
0
0
0
0
0
0
0
0
0
0
0
0
0
0
0
0
0
0
0
0
0
0
0
0
0
0
1.36091183348107e-10
0
1.30129149804146e-10
0
5.97626351680002e-11
0
1.60399813769941e-11
0
2.6060196045101e-12
0
2.18000470488415e-13
0
-6.16665542106998e-15
0
-4.58791466794357e-15
0
-6.69012415567107e-16
0
-4.48865646860982e-17
0
1.00158879122435e-18
0
5.44082916765303e-20
0
-7.08165811906722e-19
0
-9.0375056036547e-19
0
-1.05888454320105e-18
0
-1.25732364143004e-18
0
-1.50914553735175e-18
0
-1.82309211634472e-18
0
-2.20823513823915e-18
0
-2.65630334151584e-18
0
-3.09331709703632e-18
0
-3.26492550203656e-18
0
-2.61472222255507e-18
0
0
0
0
0
0
0
0
0
0
0
0
0
0
0
0
0
0
0
0
0
0
0
0
0
0
0
0
0
-5.33447420154584e-11
0
-9.93503751161001e-11
0
-6.58764984522049e-11
0
-2.43594655411664e-11
0
-5.56957584762295e-12
0
-7.81823996161568e-13
0
-5.06458784879277e-14
0
4.36323100521384e-15
0
1.5809229695106e-15
0
2.02349880413062e-16
0
1.16033220909471e-17
0
-3.88062649239177e-19
0
2.650523631623e-19
0
5.94084957723846e-19
0
7.31254306570926e-19
0
8.67694892482054e-19
0
1.03745008788196e-18
0
1.25098746185213e-18
0
1.51672755381015e-18
0
1.83280578312588e-18
0
2.16045576886301e-18
0
2.37038981120709e-18
0
2.18001540028704e-18
0
1.23719780310251e-18
0
0
0
0
0
0
0
0
0
0
0
0
0
0
0
0
0
0
0
0
0
0
0
0
0
0
0
0
0
0
0
5.81131532430838e-11
0
5.93006171591196e-11
0
3.01864936422466e-11
0
9.34173153752285e-12
0
1.8560330155137e-12
0
2.26019414889596e-13
0
1.01829339295436e-14
0
-2.03873118759734e-15
0
-5.2629788126755e-16
0
-6.02070455731847e-17
0
-2.99702581211433e-18
0
-3.00322992988548e-20
0
-3.49969523319052e-19
0
-4.98342924591476e-19
0
-5.96313227822554e-19
0
-7.10325600384712e-19
0
-8.54276551324141e-19
0
-1.03517119830776e-18
0
-1.25450644338097e-18
0
-1.49575357805134e-18
0
-1.70274147067928e-18
0
-1.75627740731484e-18
0
-1.41668286218127e-18
0
0
0
0
0
0
0
0
0
0
0
0
0
0
0
0
0
0
0
0
0
0
0
0
0
0
0
0
0
-2.22673349051809e-11
0
-4.32092321278132e-11
0
-3.09705815990542e-11
0
-1.28135957457537e-11
0
-3.41074843821327e-12
0
-5.97375192743989e-13
0
-6.29504851106306e-14
0
-1.43166513763602e-15
0
8.21062628947833e-16
0
1.71324921289101e-16
0
1.78053189222349e-17
0
8.30783160420777e-19
0
1.58135077788311e-19
0
3.18252526377304e-19
0
4.06035539336754e-19
0
4.84896138722102e-19
0
5.81292446350917e-19
0
7.03150853827666e-19
0
8.53374834493964e-19
0
1.02598660276319e-18
0
1.19641263864084e-18
0
1.30536753416625e-18
0
1.20597647201124e-18
0
0
0
0
0
0
0
0
0
0
0
0
0
0
0
0
0
0
0
0
0
0
0
0
0
0
0
0
0
0
0
0
0
2.44624252365576e-11
0
2.6385436692043e-11
0
1.46659321530363e-11
0
5.11939637991892e-12
0
1.19610323992008e-12
0
1.86555451763415e-13
0
1.68331562762715e-14
0
-7.92670631909578e-17
0
-3.05567696255909e-16
0
-5.47993382292443e-17
0
-5.28324966302401e-18
0
-3.13525004247194e-19
0
-1.88687506005639e-19
0
-2.69877783607836e-19
0
-3.29023822839796e-19
0
-3.9386507236716e-19
0
-4.75125000944286e-19
0
-5.76177967986377e-19
0
-6.95300434310546e-19
0
-8.21391742136679e-19
0
-9.23462486777154e-19
0
-9.11677426434598e-19
0
-4.88746789960308e-19
0
0
0
0
0
0
0
0
0
0
0
0
0
0
0
0
0
0
0
0
0
0
0
0
0
0
0
0
0
-9.18156731827541e-12
0
-1.84513927516447e-11
0
-1.41372888381203e-11
0
-6.43907399369977e-12
0
-1.94752390643316e-12
0
-4.05616608860374e-13
0
-5.67161294481324e-14
0
-4.28576533812619e-15
0
1.79733066076983e-16
0
1.08409722661546e-16
0
1.73404913964393e-17
0
1.60536849876268e-18
0
1.73338212653502e-19
0
1.71992053902116e-19
0
2.20672942735466e-19
0
2.6583910368354e-19
0
3.19808579535761e-19
0
3.87165995260033e-19
0
4.68386343518586e-19
0
5.59201982009757e-19
0
6.44548932401168e-19
0
6.77452321275515e-19
0
5.44843826757187e-19
0
0
0
0
0
0
0
0
0
0
0
0
0
0
0
0
0
0
0
0
0
0
0
0
0
0
0
0
0
0
0
0
0
1.01457853462338e-11
0
1.14758549650269e-11
0
6.87940704880339e-12
0
2.66174051617125e-12
0
7.1163693672715e-13
0
1.3371103333474e-13
0
1.68226248342541e-14
0
1.02078388412166e-15
0
-1.00873251682615e-16
0
-3.7239319274566e-17
0
-5.46804537984481e-18
0
-5.29535667240437e-19
0
-1.26269675969075e-19
0
-1.45072964573089e-19
0
-1.78140940403531e-19
0
-2.14359862106357e-19
0
-2.58898703162681e-19
0
-3.1328888625839e-19
0
-3.76026705409147e-19
0
-4.39397351195308e-19
0
-4.7882743541852e-19
0
-4.3768422486492e-19
0
-2.52818706327544e-19
0
0
0
0
0
0
0
0
0
0
0
0
0
0
0
0
0
0
0
0
0
0
0
0
0
0
0
0
0
-3.73665379653953e-12
0
-7.73781736032316e-12
0
-6.27876606088422e-12
0
-3.10642685200204e-12
0
-1.04764547188636e-12
0
-2.51472619752187e-13
0
-4.30251039422658e-14
0
-4.87407256783702e-15
0
-2.18467799922054e-16
0
4.42505155748689e-17
0
1.25177882906359e-17
0
1.73765499045226e-18
0
2.05613083085151e-19
0
9.92546925384881e-20
0
1.1816477918986e-19
0
1.43013601053244e-19
0
1.72384321843361e-19
0
2.0834811830996e-19
0
2.5086487276471e-19
0
2.96733124161266e-19
0
3.35339435092348e-19
0
3.43546265810822e-19
0
2.81657036562149e-19
0
0
0
0
0
0
0
0
0
0
0
0
0
0
0
0
0
0
0
0
0
0
0
0
0
0
0
0
0
0
0
0
0
4.14470507364308e-12
0
4.88357135333411e-12
0
3.12479975214141e-12
0
1.32111120513411e-12
0
3.95982039586076e-13
0
8.63995155824786e-14
0
1.35585261601499e-14
0
1.37974078105486e-15
0
3.73914981026185e-17
0
-1.741277752936e-17
0
-4.15351467268466e-18
0
-5.71012167758759e-19
0
-1.01989976769393e-19
0
-7.91561603681567e-20
0
-9.48066559366392e-20
0
-1.14331881020681e-19
0
-1.38008203540542e-19
0
-1.66508232181642e-19
0
-1.98791977953318e-19
0
-2.30296496331156e-19
0
-2.49487764267511e-19
0
-2.30859667465427e-19
0
0
0
0
0
0
0
0
0
0
0
0
0
0
0
0
0
0
0
0
0
0
0
0
0
0
0
0
0
0
0
-1.50015485157858e-12
0
-3.18757203046169e-12
0
-2.71777555677355e-12
0
-1.44430812265685e-12
0
-5.34941294042699e-13
0
-1.4469226842884e-13
0
-2.89868823182197e-14
0
-4.19559625370343e-15
0
-3.81246603556402e-16
0
-2.39082702851967e-18
0
6.44846614796834e-18
0
1.37364908165224e-18
0
2.0307610169324e-19
0
6.31563493399911e-20
0
6.29235440201387e-20
0
7.54879510279359e-20
0
9.09912130369303e-20
0
1.09726904011049e-19
0
1.31476851721931e-19
0
1.54160016840981e-19
0
1.71851800253735e-19
0
1.68503808795407e-19
0
9.3007252756449e-20
0
0
0
0
0
0
0
0
0
0
0
0
0
0
0
0
0
0
0
0
0
0
0
0
0
0
0
0
0
0
0
0
0
1.66753016512658e-12
0
2.03519294813168e-12
0
1.37777964651305e-12
0
6.28944300937966e-13
0
2.07950992609863e-13
0
5.13848928550827e-14
0
9.53018871321385e-15
0
1.27763212249049e-15
0
1.02586868699361e-16
0
-2.00581882811642e-18
0
-2.30202949223815e-18
0
-4.60428962395979e-19
0
-8.39567408896159e-20
0
-4.47340864116058e-20
0
-4.97469372467678e-20
0
-5.97447796818345e-20
0
-7.19758787754993e-20
0
-8.64833291780282e-20
0
-1.02582229132758e-19
0
-1.17713941967855e-19
0
-1.24225529328566e-19
0
-9.8955816237285e-20
0
0
0
0
0
0
0
0
0
0
0
0
0
0
0
0
0
0
0
0
0
0
0
0
0
0
0
0
0
0
0
-5.93979568482847e-13
0
-1.290381572336e-12
0
-1.14824870164753e-12
0
-6.49211575121976e-13
0
-2.60763151451811e-13
0
-7.81138579041704e-14
0
-1.78124663691227e-14
0
-3.07958286068598e-15
0
-3.83546455791329e-16
0
-2.67580947866332e-17
0
1.4341354416467e-18
0
8.05342340824549e-19
0
1.61166444337262e-19
0
4.25935501127018e-20
0
3.36392371213677e-20
0
3.91366402252564e-20
0
4.70475571370055e-20
0
5.661828373119e-20
0
6.76668792722906e-20
0
7.90184935304088e-20
0
8.65473388970656e-20
0
7.88637947426979e-20
0
0
0
0
0
0
0
0
0
0
0
0
0
0
0
0
0
0
0
0
0
0
0
0
0
0
0
0
0
0
0
0
0
0
0
6.60811977183891e-13
0
8.31343155533745e-13
0
5.90931675638987e-13
0
2.88308528475738e-13
0
1.03765393705615e-13
0
2.85016962302172e-14
0
6.04866473213153e-15
0
9.80513598449427e-16
0
1.13676259860794e-16
0
6.70865037819885e-18
0
-6.84973985470761e-19
0
-2.80996694852122e-19
0
-6.20675121098631e-20
0
-2.61310666234503e-20
0
-2.58505797278282e-20
0
-3.06383760638225e-20
0
-3.68301631519904e-20
0
-4.41348610542284e-20
0
-5.19870329569181e-20
0
-5.8194452561148e-20
0
-5.65081296833865e-20
0
-3.08168962083132e-20
0
0
0
0
0
0
0
0
0
0
0
0
0
0
0
0
0
0
0
0
0
0
0
0
0
0
0
0
0
0
0
-2.31961787575658e-13
0
-5.13606495523907e-13
0
-4.74198050821661e-13
0
-2.82883047232927e-13
0
-1.21903663929954e-13
0
-3.98819707886982e-14
0
-1.0144577672155e-14
0
-2.01806661887309e-15
0
-3.08256149703244e-16
0
-3.33033947513933e-17
0
-1.59041827881952e-18
0
2.8505846502805e-19
0
1.0034416562042e-19
0
2.80060707899021e-20
0
1.81193766123778e-20
0
1.99861792715374e-20
0
2.38749874167741e-20
0
2.86542964153561e-20
0
3.40158889641049e-20
0
3.88927387255914e-20
0
4.0226015927885e-20
0
3.21987710943729e-20
0
0
0
0
0
0
0
0
0
0
0
0
0
0
0
0
0
0
0
0
0
0
0
0
0
0
0
0
0
0
0
0
0
0
0
2.58033526600916e-13
0
3.33193518322113e-13
0
2.47021239201432e-13
0
1.27669407383343e-13
0
4.94595583071547e-14
0
1.48807301395479e-14
0
3.53462175093096e-15
0
6.63202343410664e-16
0
9.58673998646682e-17
0
9.65381730712481e-18
0
3.43606045979054e-19
0
-1.11946428043254e-19
0
-3.82738808656859e-20
0
-1.52658652147324e-20
0
-1.33460088174035e-20
0
-1.54513012933093e-20
0
-1.85001397951811e-20
0
-2.20334868810935e-20
0
-2.54823926204703e-20
0
-2.73026530641532e-20
0
-2.46028061659532e-20
0
-1.43530455597174e-20
0
0
0
0
0
0
0
0
0
0
0
0
0
0
0
0
0
0
0
0
0
0
0
0
0
0
0
0
0
0
0
-8.9380704728845e-14
0
-2.01156492305029e-13
0
-1.91698217580737e-13
0
-1.19777049855304e-13
0
-5.48615810058183e-14
0
-1.93743084678879e-14
0
-5.41249229320716e-15
0
-1.20913027027343e-15
0
-2.15142488522112e-16
0
-2.95418416770798e-17
0
-2.77066713791676e-18
0
-6.05474041462602e-20
0
4.35788356814983e-20
0
1.65241528970855e-20
0
9.73588074819027e-21
0
1.00771751839845e-20
0
1.18999572610784e-20
0
1.41842408276487e-20
0
1.65798263277662e-20
0
1.84234881431427e-20
0
1.85887811395371e-20
0
1.54216680290714e-20
0
0
0
0
0
0
0
0
0
0
0
0
0
0
0
0
0
0
0
0
0
0
0
0
0
0
0
0
0
0
0
0
0
0
0
9.93520672937524e-14
0
1.31180484954395e-13
0
1.00831671748483e-13
0
5.47714071532578e-14
0
2.26173123386538e-14
0
7.36363601690727e-15
0
1.92569379334173e-15
0
4.07100730516467e-16
0
6.90212645160803e-17
0
9.03300957712539e-18
0
7.87289299753633e-19
0
3.99402812109366e-21
0
-1.76954993881291e-20
0
-8.44784872248041e-21
0
-6.82928359005483e-21
0
-7.66891079425493e-21
0
-9.10447796635155e-21
0
-1.07301539305507e-20
0
-1.22303709676167e-20
0
-1.30490984130956e-20
0
-1.20677803567997e-20
0
0
0
0
0
0
0
0
0
0
0
0
0
0
0
0
0
0
0
0
0
0
0
0
0
0
0
0
0
0
0
0
0
-3.40087708496702e-14
0
-7.76058742862739e-14
0
-7.59811161704095e-14
0
-4.9396532629483e-14
0
-2.38476891094079e-14
0
-8.99914722676443e-15
0
-2.72649962786491e-15
0
-6.72112647235044e-16
0
-1.35190774362729e-16
0
-2.19339291951725e-17
0
-2.74398534825821e-18
0
-2.21102809032072e-19
0
4.06915788735028e-21
0
7.94395130473247e-21
0
5.08399666106946e-21
0
5.01431040884512e-21
0
5.82439214563029e-21
0
6.87217604985209e-21
0
7.92889424815402e-21
0
8.69840907448013e-21
0
8.47211935691797e-21
0
4.77246918536513e-21
0
0
0
0
0
0
0
0
0
0
0
0
0
0
0
0
0
0
0
0
0
0
0
0
0
0
0
0
0
0
0
0
0
0
0
3.77618117125067e-14
0
5.08080080791967e-14
0
4.02712945004635e-14
0
2.28266133476982e-14
0
9.95985184662292e-15
0
3.47250177417818e-15
0
9.86782389332007e-16
0
2.30682898865673e-16
0
4.43604066046159e-17
0
6.91405913292038e-18
0
8.28827368160437e-19
0
6.0969918156559e-20
0
-3.57698140244059e-21
0
-4.12287804819555e-21
0
-3.42486555460206e-21
0
-3.74202422182993e-21
0
-4.38697363703347e-21
0
-5.11629221564203e-21
0
-5.77886762998242e-21
0
-6.05031327189003e-21
0
-4.91530327526223e-21
0
0
0
0
0
0
0
0
0
0
0
0
0
0
0
0
0
0
0
0
0
0
0
0
0
0
0
0
0
0
0
0
0
-1.27933355142483e-14
0
-2.95351839069936e-14
0
-2.95819784661576e-14
0
-1.98889954370497e-14
0
-1.00436970695719e-14
0
-4.01333472612824e-15
0
-1.30460427794505e-15
0
-3.50073264379404e-16
0
-7.8019465310342e-17
0
-1.44053589140469e-17
0
-2.16443709595134e-18
0
-2.48975449631189e-19
0
-1.61669468112488e-20
0
2.37238851255495e-21
0
2.47473846698867e-21
0
2.44989849673217e-21
0
2.80161527246331e-21
0
3.28202957295118e-21
0
3.77547890349435e-21
0
4.10061406004923e-21
0
3.75724595822853e-21
0
0
0
0
0
0
0
0
0
0
0
0
0
0
0
0
0
0
0
0
0
0
0
0
0
0
0
0
0
0
0
0
0
0
0
0
0
1.4189574025379e-14
0
1.93945199278808e-14
0
1.57725902854603e-14
0
9.26706887984483e-15
0
4.23814443526336e-15
0
1.56764637223662e-15
0
4.78775880328841e-16
0
1.22024474165941e-16
0
2.60477520864806e-17
0
4.63567620007226e-18
0
6.73512688623343e-19
0
7.42717935229101e-20
0
3.84070173512964e-21
0
-1.54959075755696e-21
0
-1.65015443073406e-21
0
-1.79662197274955e-21
0
-2.08651294253607e-21
0
-2.41607922196869e-21
0
-2.67507956886907e-21
0
-2.59102946152023e-21
0
-1.45231265245368e-21
0
0
0
0
0
0
0
0
0
0
0
0
0
0
0
0
0
0
0
0
0
0
0
0
0
0
0
0
0
0
0
0
0
-4.76609091090472e-15
0
-1.11094685626005e-14
0
-1.1338284838823e-14
0
-7.83892823659467e-15
0
-4.11097039947175e-15
0
-1.72489310619396e-15
0
-5.95878639922715e-16
0
-1.72105199745554e-16
0
-4.18754488149187e-17
0
-8.59751265921926e-18
0
-1.47996244451904e-18
0
-2.08418082719756e-19
0
-2.18800584434336e-20
0
-5.70630747314174e-22
0
1.05190622334798e-21
0
1.16627312222673e-21
0
1.32699502143531e-21
0
1.54227036350293e-21
0
1.74784434422244e-21
0
1.82208866090367e-21
0
1.47920192518346e-21
0
0
0
0
0
0
0
0
0
0
0
0
0
0
0
0
0
0
0
0
0
0
0
0
0
0
0
0
0
0
0
0
0
0
0
0
0
5.2821795654854e-15
0
7.31315673202415e-15
0
6.07372010152797e-15
0
3.67570480641364e-15
0
1.74851378456097e-15
0
6.80228538462023e-16
0
2.21119303428838e-16
0
6.07392844257514e-17
0
1.41723709541952e-17
0
2.80912114152706e-18
0
4.69160657639393e-19
0
6.41094975215434e-20
0
6.26123128259176e-21
0
-2.12303832233202e-22
0
-7.41806027608068e-22
0
-8.47648588040187e-22
0
-9.8136398039767e-22
0
-1.12763480854938e-21
0
-1.22084478749934e-21
0
-1.11753271238777e-21
0
0
0
0
0
0
0
0
0
0
0
0
0
0
0
0
0
0
0
0
0
0
0
0
0
0
0
0
0
0
0
0
0
0
0
-1.76239139091469e-15
0
-4.14006734464189e-15
0
-4.28982997831887e-15
0
-3.03340177001184e-15
0
-1.64065785017217e-15
0
-7.17033083411291e-16
0
-2.60914779176265e-16
0
-8.03196021928252e-17
0
-2.10869430849285e-17
0
-4.73733298015898e-18
0
-9.09565255341921e-19
0
-1.47762422439282e-19
0
-1.95537154172173e-20
0
-1.65587095921098e-21
0
3.34512539564628e-22
0
5.35574922515079e-22
0
6.20666106665817e-22
0
7.14756839350672e-22
0
7.88565895372415e-22
0
7.62883434014127e-22
0
4.32330029261906e-22
0
0
0
0
0
0
0
0
0
0
0
0
0
0
0
0
0
0
0
0
0
0
0
0
0
0
0
0
0
0
0
0
0
0
0
0
0
1.95304515898961e-15
0
2.73175518972988e-15
0
2.30678841285352e-15
0
1.42920936203466e-15
0
7.01891214004637e-16
0
2.84786896194026e-16
0
9.76475245157707e-17
0
2.86238544874066e-17
0
7.21364410435226e-18
0
1.56594920413448e-18
0
2.92105574967372e-19
0
4.62332162045743e-20
0
5.86979752578371e-21
0
3.32916556040199e-22
0
-2.96951360962533e-22
0
-3.90708568599943e-22
0
-4.53064365702001e-22
0
-5.11226038267731e-22
0
-5.32536344627254e-22
0
-4.37178610623732e-22
0
0
0
0
0
0
0
0
0
0
0
0
0
0
0
0
0
0
0
0
0
0
0
0
0
0
0
0
0
0
0
0
0
0
0
-6.48669086768445e-16
0
-1.53313697641517e-15
0
-1.60742051788269e-15
0
-1.15657236505108e-15
0
-6.40794392128632e-16
0
-2.89380913069854e-16
0
-1.09958824338978e-16
0
-3.57511448887885e-17
0
-1.00272941591457e-17
0
-2.43509506027804e-18
0
-5.12426862425498e-19
0
-9.30988378007666e-20
0
-1.43521715757806e-20
0
-1.69888876236224e-21
0
2.11190765999486e-23
0
2.33268449990017e-22
0
2.85775388524643e-22
0
3.27516299832151e-22
0
3.54284077212605e-22
0
3.2671051943375e-22
0
0
0
0
0
0
0
0
0
0
0
0
0
0
0
0
0
0
0
0
0
0
0
0
0
0
0
0
0
0
0
0
0
0
0
0
0
0
0
7.19508544782232e-16
0
1.01432381530142e-15
0
8.67337535427165e-16
0
5.46925070086897e-16
0
2.75237930189832e-16
0
1.15491427929303e-16
0
4.14016596522479e-17
0
1.28337791173147e-17
0
3.45862034239193e-18
0
8.12135733485722e-19
0
1.66137429785055e-19
0
2.94513217171681e-20
0
4.40156330144426e-21
0
4.45725771593332e-22
0
-9.55373372034351e-23
0
-1.75239170166619e-22
0
-2.0641969482144e-22
0
-2.27882191940136e-22
0
-2.21225824847074e-22
0
-1.29014710410952e-22
0
0
0
0
0
0
0
0
0
0
0
0
0
0
0
0
0
0
0
0
0
0
0
0
0
0
0
0
0
0
0
0
0
0
0
-2.38433086724294e-16
0
-5.66175284803384e-16
0
-5.98835221817913e-16
0
-4.36336278792505e-16
0
-2.46001025985979e-16
0
-1.13864241863247e-16
0
-4.47821455302373e-17
0
-1.52410872157168e-17
0
-4.52563168730146e-18
0
-1.17624071436179e-18
0
-2.67880528370962e-19
0
-5.34010022441002e-20
0
-9.24030805553954e-21
0
-1.31827059057668e-21
0
-8.15271130175399e-23
0
9.4055199397692e-23
0
1.28591049752042e-22
0
1.46400770219557e-22
0
1.52929108671322e-22
0
1.27932390397797e-22
0
0
0
0
0
0
0
0
0
0
0
0
0
0
0
0
0
0
0
0
0
0
0
0
0
0
0
0
0
0
0
0
0
0
0
0
0
0
0
2.65067908116957e-16
0
3.75865803985442e-16
0
3.24272119390216e-16
0
2.069604696686e-16
0
1.05932905677493e-16
0
4.5567089812061e-17
0
1.69226284399083e-17
0
5.4977266948339e-18
0
1.57024383181763e-18
0
3.94897869548554e-19
0
8.7461991826281e-20
0
1.70207852042213e-20
0
2.86733888914576e-21
0
3.73501506136732e-22
0
-1.52939527256169e-23
0
-7.58995843374398e-23
0
-9.31367102940411e-23
0
-1.02751955009823e-22
0
-9.75236186951882e-23
0
0
0
0
0
0
0
0
0
0
0
0
0
0
0
0
0
0
0
0
0
0
0
0
0
0
0
0
0
0
0
0
0
0
0
0
0
-8.78476244617459e-17
0
-2.09332507645958e-16
0
-2.2279440304504e-16
0
-1.63692557409571e-16
0
-9.33123488131024e-17
0
-4.39007249071885e-17
0
-1.77039563550624e-17
0
-6.24828078474602e-18
0
-1.94685850872391e-18
0
-5.36808467842216e-19
0
-1.31011361788805e-19
0
-2.82834479090342e-20
0
-5.37712672720152e-21
0
-8.73282932880472e-22
0
-9.02201746220741e-23
0
3.41366080534099e-23
0
5.74297928615703e-23
0
6.65040310705536e-23
0
6.69849777398089e-23
0
0
0
0
0
0
0
0
0
0
0
0
0
0
0
0
0
0
0
0
0
0
0
0
0
0
0
0
0
0
0
0
0
0
0
0
0
0
0
0
0
9.80305379460293e-17
0
1.39602807026366e-16
0
1.21153050021423e-16
0
7.78727573349004e-17
0
4.02452308435869e-17
0
1.75835960990165e-17
0
6.69821903141132e-18
0
2.25909077731405e-18
0
6.77899404441597e-19
0
1.81029356419562e-19
0
4.29862665869309e-20
0
9.06162496190195e-21
0
1.68027603946444e-21
0
2.55763141457078e-22
0
9.53859119456933e-24
0
-3.17155169776507e-23
0
-4.13088469036916e-23
0
-4.26860897688565e-23
0
-2.48416697609276e-23
0
0
0
0
0
0
0
0
0
0
0
0
0
0
0
0
0
0
0
0
0
0
0
0
0
0
0
0
0
0
0
0
0
0
0
0
0
-3.25644763283861e-17
0
-7.78075496979494e-17
0
-8.31745738591731e-17
0
-6.1406945972368e-17
0
-3.51892766109337e-17
0
-1.6687699973095e-17
0
-6.83080921434662e-18
0
-2.47415994931582e-18
0
-8.01302159933914e-19
0
-2.32418274535133e-19
0
-6.02822964735497e-20
0
-1.39577930990121e-20
0
-2.87542965933192e-21
0
-5.16413822219632e-22
0
-6.78230330666547e-23
0
1.03451293613291e-23
0
2.49240084107995e-23
0
2.84974132874691e-23
0
2.45184180773082e-23
0
0
0
0
0
0
0
0
0
0
0
0
0
0
0
0
0
0
0
0
0
0
0
0
0
0
0
0
0
0
0
0
0
0
0
0
0
0
0
0
0
3.65337954845736e-17
0
5.21982313116184e-17
0
4.54722919475606e-17
0
2.93181356961505e-17
0
1.51960670415031e-17
0
6.67982045026701e-18
0
2.581366682239e-18
0
8.94163008914352e-19
0
2.79279457788227e-19
0
7.85518875336008e-20
0
1.98379998036265e-20
0
4.48649570806423e-21
0
9.02229744696135e-22
0
1.53748227246023e-22
0
1.26264515002303e-23
0
-1.28040984199828e-23
0
-1.80883985646921e-23
0
-1.76709817623779e-23
0
0
0
0
0
0
0
0
0
0
0
0
0
0
0
0
0
0
0
0
0
0
0
0
0
0
0
0
0
0
0
0
0
0
0
0
0
0
0
-1.21869825011566e-17
0
-2.91858085762146e-17
0
-3.13034044789859e-17
0
-2.31697156072063e-17
0
-1.32859770590802e-17
0
-6.30127448086977e-18
0
-2.5899398496926e-18
0
-9.51313219081433e-19
0
-3.16757664991725e-19
0
-9.57748741010033e-20
0
-2.61970704620929e-20
0
-6.45565782574715e-21
0
-1.42724042573826e-21
0
-2.78621298358629e-22
0
-4.24971893959581e-23
0
2.08760688340724e-24
0
1.05022821592926e-23
0
1.1548777678086e-23
0
7.26403322788663e-24
0
0
0
0
0
0
0
0
0
0
0
0
0
0
0
0
0
0
0
0
0
0
0
0
0
0
0
0
0
0
0
0
0
0
0
0
0
0
0
0
0
1.3764704845197e-17
0
1.97246594770063e-17
0
1.72316684456088e-17
0
1.11164600789559e-17
0
5.74768374495304e-18
0
2.51872395453142e-18
0
9.75427648178809e-19
0
3.42617937674388e-19
0
1.10164546260487e-19
0
3.23546297156621e-20
0
8.62798998932992e-21
0
2.07805166046141e-21
0
4.48713356713847e-22
0
8.36410634308368e-23
0
9.38553066804966e-24
0
-4.85977398661346e-24
0
-7.5870456763794e-24
0
-6.98435204041339e-24
0
0
0
0
0
0
0
0
0
0
0
0
0
0
0
0
0
0
0
0
0
0
0
0
0
0
0
0
0
0
0
0
0
0
0
0
0
0
0
-4.61671940501812e-18
0
-1.10819744396077e-17
0
-1.1924362732989e-17
0
-8.84111075485165e-18
0
-5.05897640800119e-18
0
-2.3844544008154e-18
0
-9.7353998923203e-19
0
-3.57685916227935e-19
0
-1.20805085925883e-19
0
-3.76653639291414e-20
0
-1.07774576276248e-20
0
-2.80794713580441e-21
0
-6.61530350637645e-22
0
-1.38835124938038e-22
0
-2.35855504737964e-23
0
-1.86246259427744e-25
0
4.4898557211458e-24
0
5.16022995908315e-24
0
0
0
0
0
0
0
0
0
0
0
0
0
0
0
0
0
0
0
0
0
0
0
0
0
0
0
0
0
0
0
0
0
0
0
0
0
0
0
0
0
0
0
5.25475500987772e-18
0
7.55451157137589e-18
0
6.61994311267461e-18
0
4.27047714916675e-18
0
2.19577206175114e-18
0
9.51975924559754e-19
0
3.64802677804954e-19
0
1.27955417818246e-19
0
4.17641762798975e-20
0
1.26741860128129e-20
0
3.54270380872976e-21
0
9.03276742115773e-22
0
2.07979271304364e-22
0
4.18016700510963e-23
0
5.56743596231699e-24
0
-1.88320869591867e-24
0
-3.29791923970547e-24
0
0
0
0
0
0
0
0
0
0
0
0
0
0
0
0
0
0
0
0
0
0
0
0
0
0
0
0
0
0
0
0
0
0
0
0
0
0
0
0
0
-1.77295754793389e-18
0
-4.26735829491536e-18
0
-4.60991441242479e-18
0
-3.42629874096054e-18
0
-1.95572848012625e-18
0
-9.12767493190895e-19
0
-3.66789583412546e-19
0
-1.32795366012651e-19
0
-4.47263835035717e-20
0
-1.41747396454599e-20
0
-4.20131147796894e-21
0
-1.14985148840151e-21
0
-2.87139614529456e-22
0
-6.43123210514447e-23
0
-1.18824634588544e-23
0
-5.0741927667876e-25
0
1.75909790169232e-24
0
1.3556228767669e-24
0
0
0
0
0
0
0
0
0
0
0
0
0
0
0
0
0
0
0
0
0
0
0
0
0
0
0
0
0
0
0
0
0
0
0
0
0
0
0
0
0
0
0
2.03448548310084e-18
0
2.9367728141763e-18
0
2.58475649158374e-18
0
1.66961007329468e-18
0
8.53635572526364e-19
0
3.64562438777035e-19
0
1.36674972051729e-19
0
4.70347691292499e-20
0
1.52960596355886e-20
0
4.72793149392748e-21
0
1.37297058264772e-21
0
3.68591690384537e-22
0
9.00675869042357e-23
0
1.93470899595378e-23
0
2.89325119474032e-24
0
-6.67755951644794e-25
0
-1.2109386664859e-24
0
0
0
0
0
0
0
0
0
0
0
0
0
0
0
0
0
0
0
0
0
0
0
0
0
0
0
0
0
0
0
0
0
0
0
0
0
0
0
0
0
-6.90323904014475e-19
0
-1.66711656305659e-18
0
-1.8105241578178e-18
0
-1.35172839973886e-18
0
-7.71295147215918e-19
0
-3.56507696195803e-19
0
-1.402329008539e-19
0
-4.93288738641056e-20
0
-1.62280502696807e-20
0
-5.12319305126012e-21
0
-1.55106934045467e-21
0
-4.42556614305049e-22
0
-1.16649794332223e-22
0
-2.77554555346922e-23
0
-5.49380178053216e-24
0
-3.39573018295266e-25
0
7.35967565052868e-25
0
0
0
0
0
0
0
0
0
0
0
0
0
0
0
0
0
0
0
0
0
0
0
0
0
0
0
0
0
0
0
0
0
0
0
0
0
0
0
0
0
0
0
0
0
7.98508203488866e-19
0
1.15860096170383e-18
0
1.02628439639509e-18
0
6.65764172123245e-19
0
3.39496910691381e-19
0
1.42872515189723e-19
0
5.203343098546e-20
0
1.72600097019065e-20
0
5.45796323268994e-21
0
1.6817252792969e-21
0
5.00787377598358e-22
0
1.40722363661647e-22
0
3.63828143585972e-23
0
8.30323144966114e-24
0
1.33103426157476e-24
0
-2.7122135480113e-25
0
0
0
0
0
0
0
0
0
0
0
0
0
0
0
0
0
0
0
0
0
0
0
0
0
0
0
0
0
0
0
0
0
0
0
0
0
0
0
0
0
0
0
-2.72220361600661e-19
0
-6.60086247592513e-19
0
-7.21869232255573e-19
0
-5.42915739750999e-19
0
-3.10933433597361e-19
0
-1.42916373686444e-19
0
-5.50508406505603e-20
0
-1.86382851672116e-20
0
-5.85589611141557e-21
0
-1.78979493426396e-21
0
-5.41243138202993e-22
0
-1.59169556332158e-22
0
-4.41125055395663e-23
0
-1.11251401489745e-23
0
-2.33214251712301e-24
0
-1.72369463648417e-25
0
0
0
0
0
0
0
0
0
0
0
0
0
0
0
0
0
0
0
0
0
0
0
0
0
0
0
0
0
0
0
0
0
0
0
0
0
0
0
0
0
0
0
0
0
0
0
3.17198065863881e-19
0
4.6314980826161e-19
0
4.13836770626665e-19
0
2.70640696579805e-19
0
1.38384932389335e-19
0
5.76925366040115e-20
0
2.04158779027058e-20
0
6.44389842124933e-21
0
1.92518445879318e-21
0
5.72031331694754e-22
0
1.70788125167275e-22
0
4.97916599362734e-23
0
1.36004880310267e-23
0
3.29166534168309e-24
0
5.68747603127335e-25
0
-2.45303863452294e-26
0
0
0
0
0
0
0
0
0
0
0
0
0
0
0
0
0
0
0
0
0
0
0
0
0
0
0
0
0
0
0
0
0
0
0
0
0
0
0
0
0
0
0
-1.08499064357645e-19
0
-2.64341849359295e-19
0
-2.91566741933927e-19
0
-2.21566156239446e-19
0
-1.27994200981655e-19
0
-5.89082229657326e-20
0
-2.23711971504897e-20
0
-7.28722768975561e-21
0
-2.14737744770648e-21
0
-6.12192647124442e-22
0
-1.77980285959392e-22
0
-5.2808309551778e-23
0
-1.53094502429453e-23
0
-4.09705134214839e-24
0
-9.10273217349158e-25
0
-9.01928923690837e-26
0
0
0
0
0
0
0
0
0
0
0
0
0
0
0
0
0
0
0
0
0
0
0
0
0
0
0
0
0
0
0
0
0
0
0
0
0
0
0
0
0
0
0
0
0
0
0
1.2722865223652e-19
0
1.87130281614021e-19
0
1.69017812695219e-19
0
1.11858481622515e-19
0
5.77137574067837e-20
0
2.4047188931803e-20
0
8.33862625108062e-21
0
2.50016107114062e-21
0
6.87565285664278e-22
0
1.8762994570348e-22
0
5.37857272832181e-23
0
1.59769175341278e-23
0
4.60961544327582e-24
0
1.18641779212967e-24
0
2.19154366666945e-25
0
0
0
0
0
0
0
0
0
0
0
0
0
0
0
0
0
0
0
0
0
0
0
0
0
0
0
0
0
0
0
0
0
0
0
0
0
0
0
0
0
0
0
0
0
-4.35994107861734e-20
0
-1.06784770800943e-19
0
-1.18949584866327e-19
0
-9.1570870651059e-20
0
-5.36128075996153e-20
0
-2.49036245284213e-20
0
-9.42916277539135e-21
0
-2.98620362294238e-21
0
-8.21791201734984e-22
0
-2.10248752712763e-22
0
-5.50670434271372e-23
0
-1.57182777657095e-23
0
-4.71166475255765e-24
0
-1.34829452041057e-24
0
-3.26147508525519e-25
0
0
0
0
0
0
0
0
0
0
0
0
0
0
0
0
0
0
0
0
0
0
0
0
0
0
0
0
0
0
0
0
0
0
0
0
0
0
0
0
0
0
0
0
0
0
0
0
0
5.13910646795814e-20
0
7.61955756765436e-20
0
6.96789032884992e-20
0
4.68165713395854e-20
0
2.45173394859366e-20
0
1.03110927672565e-20
0
3.55375786315033e-21
0
1.02529050766764e-21
0
2.57127117068335e-22
0
6.07104400993483e-23
0
1.5296079632972e-23
0
4.41037021374016e-24
0
1.34703058158783e-24
0
3.77091528403048e-25
0
0
0
0
0
0
0
0
0
0
0
0
0
0
0
0
0
0
0
0
0
0
0
0
0
0
0
0
0
0
0
0
0
0
0
0
0
0
0
0
0
0
0
0
0
0
0
-1.76180607382953e-20
0
-4.3393251135434e-20
0
-4.88590434420354e-20
0
-3.81775123501951e-20
0
-2.27410587169891e-20
0
-1.07378839547753e-20
0
-4.10372748623224e-21
0
-1.28668651311328e-21
0
-3.35946484199198e-22
0
-7.5633809617298e-23
0
-1.61770955915273e-23
0
-3.92216893080881e-24
0
-1.16598653659613e-24
0
-3.6053718358191e-25
0
-7.33133637502365e-26
0
0
0
0
0
0
0
0
0
0
0
0
0
0
0
0
0
0
0
0
0
0
0
0
0
0
0
0
0
0
0
0
0
0
0
0
0
0
0
0
0
0
0
0
0
0
0
0
0
2.08503963593437e-20
0
3.1176147399252e-20
0
2.88953676619634e-20
0
1.97546235809281e-20
0
1.05483106830581e-20
0
4.51676345591576e-21
0
1.57131245715504e-21
0
4.46579309834263e-22
0
1.04123165375403e-22
0
2.03992052490468e-23
0
3.77816166329623e-24
0
8.80720514026648e-25
0
2.819741984474e-25
0
8.48472564614986e-26
0
0
0
0
0
0
0
0
0
0
0
0
0
0
0
0
0
0
0
0
0
0
0
0
0
0
0
0
0
0
0
0
0
0
0
0
0
0
0
0
0
0
0
0
0
0
0
-7.14204569369121e-21
0
-1.76924204805315e-20
0
-2.01457006026961e-20
0
-1.59963554508386e-20
0
-9.71947923526346e-21
0
-4.69017830980495e-21
0
-1.82835698834018e-21
0
-5.78712429917298e-22
0
-1.47876114753047e-22
0
-2.99803549586359e-23
0
-4.73467698307346e-24
0
-6.43264170332303e-25
0
-1.37814493904433e-25
0
-5.15067033702553e-26
0
0
0
0
0
0
0
0
0
0
0
0
0
0
0
0
0
0
0
0
0
0
0
0
0
0
0
0
0
0
0
0
0
0
0
0
0
0
0
0
0
0
0
0
0
0
0
0
0
0
0
8.47768450662721e-21
0
1.27853671621184e-20
0
1.20161307785179e-20
0
8.36963520602444e-21
0
4.57026884738451e-21
0
2.00501583215567e-21
0
7.13100299845677e-22
0
2.04709609937052e-22
0
4.6316191332234e-23
0
7.72919521700301e-24
0
7.68561788891456e-25
0
-1.68617519537023e-27
0
-8.74489807951157e-27
0
0
0
0
0
0
0
0
0
0
0
0
0
0
0
0
0
0
0
0
0
0
0
0
0
0
0
0
0
0
0
0
0
0
0
0
0
0
0
0
0
0
0
0
0
0
0
0
0
-2.8986896243149e-21
0
-7.22208738280641e-21
0
-8.317134141342e-21
0
-6.71426136344846e-21
0
-4.16719209891073e-21
0
-2.06189750259684e-21
0
-8.25871312932355e-22
0
-2.68030677197665e-22
0
-6.92640035266225e-23
0
-1.34525412465981e-23
0
-1.57989649983067e-24
0
6.2950357331971e-26
0
9.14584128078426e-26
0
0
0
0
0
0
0
0
0
0
0
0
0
0
0
0
0
0
0
0
0
0
0
0
0
0
0
0
0
0
0
0
0
0
0
0
0
0
0
0
0
0
0
0
0
0
0
0
0
0
0
0
0
3.44806540700027e-21
0
5.24449092524461e-21
0
4.99821450947449e-21
0
3.54861156496643e-21
0
1.98454027943366e-21
0
8.95315764891044e-22
0
3.28320525189409e-22
0
9.70629764463021e-23
0
2.23024540306786e-23
0
3.51572125188564e-24
0
1.45296001064905e-25
0
-1.38080355863768e-25
0
0
0
0
0
0
0
0
0
0
0
0
0
0
0
0
0
0
0
0
0
0
0
0
0
0
0
0
0
0
0
0
0
0
0
0
0
0
0
0
0
0
0
0
0
0
0
0
0
0
0
-1.17601449519912e-21
0
-2.94654417892492e-21
0
-3.4313089420082e-21
0
-2.81608232862854e-21
0
-1.78604348117603e-21
0
-9.07527063643768e-22
0
-3.74996737635909e-22
0
-1.26002635058469e-22
0
-3.37171691205528e-23
0
-6.68390898737486e-24
0
-7.00221466188027e-25
0
1.314120996339e-25
0
0
0
0
0
0
0
0
0
0
0
0
0
0
0
0
0
0
0
0
0
0
0
0
0
0
0
0
0
0
0
0
0
0
0
0
0
0
0
0
0
0
0
0
0
0
0
0
0
0
0
0
0
0
0
1.40089101989728e-21
0
2.14840878576823e-21
0
2.07566908843668e-21
0
1.50188082685982e-21
0
8.60518775751381e-22
0
3.99878003144441e-22
0
1.51888822511207e-22
0
4.67945630350375e-23
0
1.12835235494845e-23
0
1.87773073644056e-24
0
6.79856392571557e-26
0
0
0
0
0
0
0
0
0
0
0
0
0
0
0
0
0
0
0
0
0
0
0
0
0
0
0
0
0
0
0
0
0
0
0
0
0
0
0
0
0
0
0
0
0
0
0
0
0
0
0
0
0
-4.76386327232706e-22
0
-1.20006346546793e-21
0
-1.41259839343653e-21
0
-1.17806563459955e-21
0
-7.63269671402316e-22
0
-3.9834590050257e-22
0
-1.70028638695509e-22
0
-5.93945099495207e-23
0
-1.66351352936442e-23
0
-3.4749463865073e-24
0
-4.00714231500445e-25
0
0
0
0
0
0
0
0
0
0
0
0
0
0
0
0
0
0
0
0
0
0
0
0
0
0
0
0
0
0
0
0
0
0
0
0
0
0
0
0
0
0
0
0
0
0
0
0
0
0
0
0
0
0
0
0
0
5.67988237874606e-22
0
8.77978409261121e-22
0
8.59472449897963e-22
0
6.33439098313247e-22
0
3.71709774350172e-22
0
1.77988063437117e-22
0
7.0182224863591e-23
0
2.2695870783265e-23
0
5.87420107396905e-24
0
1.14820713130493e-24
0
0
0
0
0
0
0
0
0
0
0
0
0
0
0
0
0
0
0
0
0
0
0
0
0
0
0
0
0
0
0
0
0
0
0
0
0
0
0
0
0
0
0
0
0
0
0
0
0
0
0
0
0
0
0
-1.92538866536708e-22
0
-4.87513228211008e-22
0
-5.79742639916484e-22
0
-4.90929117959622e-22
0
-3.24625400647725e-22
0
-1.73832728019896e-22
0
-7.65303907478658e-23
0
-2.77461198484253e-23
0
-8.09057760534492e-24
0
-1.85244143306928e-24
0
0
0
0
0
0
0
0
0
0
0
0
0
0
0
0
0
0
0
0
0
0
0
0
0
0
0
0
0
0
0
0
0
0
0
0
0
0
0
0
0
0
0
0
0
0
0
0
0
0
0
0
0
0
0
0
0
0
0
2.29666376394515e-22
0
3.57689305857455e-22
0
3.5458338334117e-22
0
2.66033866629261e-22
0
1.59819444887401e-22
0
7.89223153359505e-23
0
3.24473670928755e-23
0
1.11933466275014e-23
0
3.33718770209661e-24
0
0
0
0
0
0
0
0
0
0
0
0
0
0
0
0
0
0
0
0
0
0
0
0
0
0
0
0
0
0
0
0
0
0
0
0
0
0
0
0
0
0
0
0
0
0
0
0
0
0
0
0
0
0
0
0
0
-7.76184137350467e-23
0
-1.97467417263191e-22
0
-2.37062911359597e-22
0
-2.03552778358789e-22
0
-1.37061288169873e-22
0
-7.51046669802895e-23
0
-3.3808534045626e-23
0
-1.2384706233255e-23
0
-3.78953308576711e-24
0
0
0
0
0
0
0
0
0
0
0
0
0
0
0
0
0
0
0
0
0
0
0
0
0
0
0
0
0
0
0
0
0
0
0
0
0
0
0
0
0
0
0
0
0
0
0
0
0
0
0
0
0
0
0
0
0
0
0
0
0
9.25541798219817e-23
0
1.45202088315598e-22
0
1.45738288578694e-22
0
1.11440650134458e-22
0
6.86906357564602e-23
0
3.51523489063756e-23
0
1.58448656656446e-23
0
7.1954153773719e-24
0
0
0
0
0
0
0
0
0
0
0
0
0
0
0
0
0
0
0
0
0
0
0
0
0
0
0
0
0
0
0
0
0
0
0
0
0
0
0
0
0
0
0
0
0
0
0
0
0
0
0
0
0
0
0
0
0
0
0
-3.12475726670452e-23
0
-7.97808060163553e-23
0
-9.65175058372953e-23
0
-8.37226114432335e-23
0
-5.68369822181878e-23
0
-3.13550127992686e-23
0
-1.5559062512697e-23
0
0
0
0
0
0
0
0
0
0
0
0
0
0
0
0
0
0
0
0
0
0
0
0
0
0
0
0
0
0
0
0
0
0
0
0
0
0
0
0
0
0
0
0
0
0
0
0
0
0
0
0
0
0
0
0
0
0
0
0
0
0
0
0
0
3.702914877842e-23
0
5.87294889388252e-23
0
6.00002310669616e-23
0
4.70911409715744e-23
0
3.159700520373e-23
0
2.00165167886448e-23
0
0
0
0
0
0
0
0
0
0
0
0
0
0
0
0
0
0
0
0
0
0
0
0
0
0
0
0
0
0
0
0
0
0
0
0
0
0
0
0
0
0
0
0
0
0
0
0
0
0
0
0
0
0
0
0
0
0
0
0
0
0
0
-1.27806193801446e-23
0
-3.23628539652761e-23
0
-3.83690499466941e-23
0
-3.30469402481874e-23
0
-2.54588539022177e-23
0
0
0
0
0
0
0
0
0
0
0
0
0
0
0
0
0
0
0
0
0
0
0
0
0
0
0
0
0
0
0
0
0
0
0
0
0
0
0
0
0
0
0
0
0
0
0
0
0
0
0
0
0
0
0
0
0
0
0
0
0
0
0
0
0
0
0
0
0
1.38209246185695e-23
0
2.48593110627534e-23
0
3.04339567804335e-23
0
2.55500906157959e-23
0
0
0
0
0
0
0
0
0
0
0
0
0
0
0
0
0
0
0
0
0
0
0
0
0
0
0
0
0
0
0
0
0
0
0
0
0
0
0
0
0
0
0
0
0
0
0
0
0
0
0
0
0
0
0
0
0
0
0
0
0
0
0
0
0
0
0
-6.65241484012803e-24
0
-1.7827121261757e-23
0
0
0
0
0
0
0
0
0
0
0
0
0
0
0
0
0
0
0
0
0
0
0
0
0
0
0
0
0
0
0
0
0
0
0
0
0
0
0
0
0
0
0
0
0
0
0
0
0
0
0
0
0
0
0
0
0
0
0
0
0
0
0
0
0
0
0
0
0
0
0
0
0
0
0
0
0
0
0
0
0
0
0
0
0
0
0
0
0
0
0
0
0
0
0
0
0
0
0
0
0
0
0
0
0
0
0
0
0
0
0
0
0
0
0
0
0
0
0
0
0
0
0
0
0
0
0
0
0
0
0
0
0
0
0
0
0
0
0
0
0
0
0
0
0
0
0
0
0
0
0
0
0
0
0
0
0
0
0
0
0
0
0
0
0
0
0
0
0
0
0
0
0
0
0
0
0
0
0
0
0
0
0
0
0
0
0
0
0
0
0
0
0
0
0
0
0
0
0
0
0
0
0
0
0
0
0
0
0
0
0
0
0
0
0
0
0
0
0
0
0
0
0
0
0
0
0
0
0
0
0
0
0
0
0
0
0
0
0
0
0
0
0
0
0
0
0
0
0
0
0
0
0
0
0
0
0
0
0
0
0
0
0
0
0
0
0
0
0
0
0
0
0
0
0
0
0
0
0
0
0
0
0
0
0
0
0
0
0
0
0
0
0
0
0
0
0
0
0
0
0
0
0
0
0
0
0
0
0
0
0
0
0
0
0
0
0
0
0
0
0
0
0
0
0
0
0
0
0
0
0
0
0
0
0
0
0
0
0
0
0
0
0
0
0
0
0
0
0
0
0
0
0
0
0
0
0
0
0
0
0
0
0
0
0
0
0
0
0
0
0
0
0
0
0
0
0
0
0
0
0
0
0
0
0
0
0
0
0
0
0
0
0
0
0
0
0
0
0
0
0
0
0
0
0
0
0
0
0
0
0
0
0
0
0
0
0
0
0
0
0
0
0
0
0
0
0
0
0
0
0
0
0
0
0
0
0
0
0
0
0
0
0
0
0
0
0
0
0
0
0
0
0
0
0
0
0
0
0
0
0
0
0
0
0
0
0
0
0
0
0
0
0
0
0
0
0
0
0
0
0
0
0
0
0
0
0
0
0
0
0
0
0
0
0
0
0
0
0
0
0
0
0
0
0
0
0
0
0
0
0
0
0
0
0
0
0
0
0
0
0
0
0
0
0
0
0
0
0
0
0
0
0
0
0
0
0
0
0
0
0
0
0
0
0
0
0
0
0
0
0
0
0
0
0
0
0
0
0
0
0
0
0
0
0
0
0
0
0
0
0
0
0
0
0
0
0
0
0
0
0
0
0
0
0
0
0
0
0
0
0
0
0
0
0
0
0
0
0
0
0
0
0
0
0
0
0
0
0
0
0
0
0
0
0
0
0
0
0
0
0
0
0
0
0
0
0
0
0
0
0
0
0
0
0
0
0
0
0
0
0
0
0
0
0
0
0
0
0
0
0
0
0
0
0
0
0
0
0
0
0
0
0
0
0
0
0
0
0
0
0
0
0
0
0
0
0
0
0
0
0
0
0
0
0
0
0
0
0
0
0
0
0
0
0
0
0
0
0
0
0
0
0
0
0
0
0
0
0
0
0
0
0
0
0
0
0
0
0
0
0
0
0
0
0
0
0
0
0
0
0
0
0
0
0
0
0
0
0
0
0
0
0
0
0
0
0
0
0
0
0
0
0
0
0
0
0
0
0
0
0
0
0
0
0
0
0
0
0
0
0
0
0
0
0
0
0
0
0
0
0
0
0
0
0
0
0
0
0
0
0
0
0
0
0
0
0
0
0
0
0
0
0
0
0
0
0
0
0
0
0
0
0
0
0
0
0
0
0
0
0
0
0
0
0
0
0
0
0
0
0
0
0
0
0
0
0
0
0
0
0
0
0
0
0
0
0
0
0
0
0
0
0
0
0
0
0
0
0
0
0
0
0
0
0
0
0
0
0
0
0
0
0
0
0
0
0
0
0
0
0
0
0
0
0
0
0
0
0
0
0
0
0
0
0
0
0
0
0
0
0
0
0
0
0
0
0
0
0
0
0
0
0
0
0
0
0
0
0
0
0
0
0
0
0
0
0
0
0
0
0
0
0
0
0
0
0
0
0
0
0
0
0
0
0
0
0
0
0
0
0
0
0
0
0
0
0
0
0
0
0
0
0
0
0
0
0
0
0
0
0
0
0
0
0
0
0
0
0
0
0
0
0
0
0
0
0
0
0
0
0
0
0
0
0
0
0
0
0
0
0
0
0
0
0
0
0
0
0
0
0
0
0
0
0
0
0
0
0
0
0
0
0
0
0
0
0
0
0
0
0
0
0
0
0
0
0
0
0
0
0
0
0
0
0
0
0
0
0
0
0
0
0
0
0
0
0
0
0
0
0
0
0
0
0
0
0
0
0
0
0
0
0
0
0
0
0
0
0
0
0
0
0
0
0
0
0
0
0
0
0
0
0
0
0
0
0
0
0
0
0
0
0
0
0
0
0
0
0
0
0
0
0
0
0
0
0
0
0
0
0
0
0
0
0
0
0
0
0
0
0
0
0
0
0
0
0
0
0
0
0
0
0
0
0
0
0
0
0
0
0
0
0
0
0
0
0
0
0
0
0
0
0
0
0
0
0
0
0
0
0
0
0
0
0
0
0
0
0
0
0
0
0
0
0
0
0
0
0
0
0
0
0
0
0
0
0
0
0
0
0
0
0
0
0
0
0
0
0
0
0
0
0
0
0
0
0
0
0
0
0
0
0
0
0
0
0
0
0
0
0
0
0
0
0
0
0
0
0
0
0
0
0
0
0
0
0
0
0
0
0
0
0
0
0
0
0
0
0
0
0
0
0
0
0
0
0
0
0
0
0
0
0
0
0
0
0
0
0
0
0
0
0
0
0
0
0
0
0
0
0
0
0
0
0
0
0
0
0
0
0
0
0
0
0
0
0
0
0
0
0
0
0
0
0
0
0
0
0
0
0
0
0
0
0
0
0
0
0
0
0
0
0
0
0
0
0
0
0
0
0
0
0
0
0
0
0
0
0
0
0
0
0
0
0
0
0
0
0
0
0
0
0
0
0
0
0
0
0
0
0
0
0
0
0
0
0
0
0
0
0
0
0
0
0
0
0
0
0
0
0
0
0
0
0
0
0
0
0
0
0
0
0
0
0
0
0
0
0
0
0
0
0
0
0
0
0
0
0
0
0
0
0
0
0
0
0
0
0
0
0
0
0
0
0
0
0
0
0
0
0
0
0
0
0
0
0
0
0
0
0
0
0
0
0
0
0
0
0
0
0
0
0
0
0
0
0
0
0
0
0
0
0
0
0
0
0
0
0
0
0
0
0
0
0
0
0
0
0
0
0
0
0
0
0
0
0
0
0
0
0
0
0
0
0
0
0
0
0
0
0
0
0
0
0
0
0
0
0
0
0
0
0
0
0
0
0
0
0
0
0
0
0
0
0
0
0
0
0
0
0
0
0
0
0
0
0
0
0
0
0
0
0
0
0
0
0
0
0
0
0
0
0
0
0
0
0
0
0
0
0
0
0
0
0
0
0
0
0
0
0
0
0
0
0
0
0
0
0
0
0
0
0
0
0
0
0
0
0
0
0
0
0
0
0
0
0
0
0
0
0
0
0
0
0
0
0
0
0
0
0
0
0
0
0
0
0
0
0
0
0
0
0
0
0
0
0
0
0
0
0
0
0
0
0
0
0
0
0
0
0
0
0
0
0
0
0
0
0
0
0
0
0
0
0
0
0
0
0
0
0
0
0
0
0
0
0
0
0
0
0
0
0
0
0
0
0
0
0
0
0
0
0
0
0
0
0
0
0
0
0
0
0
0
0
0
0
0
0
0
0
0
0
0
0
0
0
0
0
0
0
0
0
0
0
0
0
0
0
0
0
0
0
0
0
0
0
0
0
0
0
0
0
0
0
0
0
0
0
0
0
0
0
0
0
0
0
0
0
0
0
0
0
0
0
0
0
0
0
0
0
0
0
0
0
0
0
0
0
0
0
0
0
0
0
0
0
0
0
0
0
0
0
0
0
0
0
0
0
0
0
0
0
0
0
0
0
0
0
0
0
0
0
0
0
0
0
0
0
0
0
0
0
0
0
0
0
0
0
0
0
0
0
0
0
0
0
0
0
0
0
0
0
0
0
0
0
0
0
0
0
0
0
0
0
0
0
0
0
0
0
0
0
0
0
0
0
0
0
0
0
0
0
0
0
0
0
0
0
0
0
0
0
0
0
0
0
0
0
0
0
0
0
0
0
0
0
0
0
0
0
0
0
0
0
0
0
0
0
0
0
0
0
0
0
0
0
0
0
0
0
0
0
0
0
0
0
0
0
0
0
0
0
0
0
0
0
0
0
0
0
0
0
0
0
0
0
0
0
0
0
0
0
0
0
0
0
0
0
0
0
0
0
0
0
0
0
0
0
0
0
0
0
0
0
0
0
0
0
0
0
0
0
0
0
0
0
0
0
0
0
0
0
0
0
0
0
0
0
0
0
0
0
0
0
0
0
0
0
0
0
0
0
0
0
0
0
0
0
0
0
0
0
0
0
0
0
0
0
0
0
0
0
0
0
0
0
0
0
0
0
0
0
0
0
0
0
0
0
0
0
0
0
0
0
0
0
0
0
0
0
0
0
0
0
0
0
0
0
0
0
0
0
0
0
0
0
0
0
0
0
0
0
0
0
0
0
0
0
0
0
0
0
0
0
0
0
0
0
0
0
0
0
0
0
0
0
0
0
0
0
0
0
0
0
0
0
0
0
0
0
0
0
0
0
0
0
0
0
0
0
0
0
0
0
0
0
0
0
0
0
0
0
0
0
0
0
0
0
0
0
0
0
0
0
0
0
0
0
0
0
0
0
0
0
0
0
0
0
0
0
0
0
0
0
0
0
0
0
0
0
0
0
0
0
0
0
0
0
0
0
0
0
0
0
0
0
0
0
0
0
0
0
0
0
0
0
0
0
0
0
0
0
0
0
0
0
0
0
0
0
0
0
0
0
0
0
0
0
0
0
0
0
0
0
0
0
0
0
0
0
0
0
0
0
0
0
0
0
0
0
0
0
0
0
0
0
0
0
0
0
0
0
0
0
0
0
0
0
0
0
0
0
0
0
0
0
0
0
0
0
0
0
0
0
0
0
0
0
0
0
0
0
0
0
0
0
0
0
0
0
0
0
0
0
0
0
0
0
0
0
0
0
0
0
0
0
0
0
0
0
0
0
0
0
0
0
0
0
0
0
0
0
0
0
0
0
0
0
0
0
0
0
0
0
0
0
0
0
0
0
0
0
0
0
0
0
0
0
0
0
0
0
0
0
0
0
0
0
0
0
0
0
0
0
0
0
0
0
0
0
0
0
0
0
0
0
0
0
0
0
0
0
0
0
0
0
0
0
0
0
0
0
0
0
0
0
0
0
0
0
0
0
0
0
0
0
0
0
0
0
0
0
0
0
0
0
0
0
0
0
0
0
0
0
0
0
0
0
0
0
0
0
0
0
0
0
0
0
0
0
0
0
0
0
0
0
0
0
0
0
0
0
0
0
0
0
0
0
0
0
0
0
0
0
0
0
0
0
0
0
0
0
0
0
0
0
0
0
0
0
0
0
0
0
0
0
0
0
0
0
0
0
0
0
0
0
0
0
0
0
0
0
0
0
0
0
0
0
0
0
0
0
0
0
0
0
0
0
0
0
0
0
0
0
0
0
0
0
0
0
0
0
0
0
0
0
0
0
0
0
0
0
0
0
0
0
0
0
0
0
0
0
0
0
0
0
0
0
0
0
0
0
0
0
0
0
0
0
0
0
0
0
0
0
0
0
0
0
0
0
0
0
0
0
0
0
0
0
0
0
0
0
0
0
0
0
0
0
0
0
0
0
0
0
0
0
0
0
0
0
0
0
0
0
0
0
0
0
0
0
0
0
0
0
0
0
0
0
0
0
0
0
0
0
0
0
0
0
0
0
0
0
0
0
0
0
0
0
0
0
0
0
0
0
0
0
0
0
0
0
0
0
0
0
0
0
0
0
0
0
0
0
0
0
0
0
0
0
0
0
0
0
0
0
0
0
0
0
0
0
0
0
0
0
0
0
0
0
0
0
0
0
0
0
0
0
0
0
0
0
0
0
0
0
0
0
0
0
0
0
0
0
0
0
0
0
0
0
0
0
0
0
0
0
0
0
0
0
0
0
0
0
0
0
0
0
0
0
0
0
0
0
0
0
0
0
0
0
0
0
0
0
0
0
0
0
0
0
0
0
0
0
0
0
0
0
0
0
0
0
0
0
0
0
0
0
0
0
0
0
0
0
0
0
0
0
0
0
0
0
0
0
0
0
0
0
0
0
0
0
0
0
0
0
0
0
0
0
0
0
0
0
0
0
0
0
0
0
0
0
0
0
0
0
0
0
0
0
0
0
0
0
0
0
0
0
0
0
0
0
0
0
0
0
0
0
0
0
0
0
0
0
0
0
0
0
0
0
0
0
0
0
0
0
0
0
0
0
0
0
0
0
0
0
0
0
0
0
0
0
0
0
0
0
0
0
0
0
0
0
0
0
0
0
0
0
0
0
0
0
0
0
0
0
0
0
0
0
0
0
0
0
0
0
0
0
0
0
0
0
0
0
0
0
0
0
0
0
0
0
0
0
0
0
0
0
0
0
0
0
0
0
0
0
0
0
0
0
0
0
0
0
0
0
0
0
0
0
0
0
0
0
0
0
0
0
0
0
0
0
0
0
0
0
0
0
0
0
0
0
0
0
0
0
0
0
0
0
0
0
0
0
0
0
0
0
0
0
0
0
0
0
0
0
0
0
0
0
0
0
0
0
0
0
0
0
0
0
0
0
0
0
0
0
0
0
0
0
0
0
0
0
0
0
0
0
0
0
0
0
0
0
0
0
0
0
0
0
0
0
0
0
0
0
0
0
0
0
0
0
0
0
0
0
0
0
0
0
0
0
0
0
0
0
0
0
0
0
0
0
0
0
0
0
0
0
0
0
0
0
0
0
0
0
0
0
0
0
0
0
0
0
0
0
0
0
0
0
0
0
0
0
0
0
0
0
0
0
0
0
0
0
0
0
0
0
0
0
0
0
0
0
0
0
0
0
0
0
0
0
0
0
0
0
0
0
0
0
0
0
0
0
0
0
0
0
0
0
0
0
0
0
0
0
0
0
0
0
0
0
0
0
0
0
0
0
0
0
0
0
0
0
0
0
0
0
0
0
0
0
0
0
0
0
0
0
0
0
0
0
0
0
0
0
0
0
0
0
0
0
0
0
0
0
0
0
0
0
0
0
0
0
0
0
0
0
0
0
0
0
0
0
0
0
0
0
0
0
0
0
0
0
0
0
0
0
0
0
0
0
0
0
0
0
0
0
0
0
0
0
0
0
0
0
0
0
0
0
0
0
0
0
0
0
0
0
0
0
0
0
0
0
0
0
0
0
0
0
0
0
0
0
0
0
0
0
0
0
0
0
0
0
0
0
0
0
0
0
0
0
0
0
0
0
0
0
0
0
0
0
0
0
0
0
0
0
0
0
0
0
0
0
0
0
0
0
0
0
0
0
0
0
0
0
0
0
0
0
0
0
0
0
0
0
0
0
0
0
0
0
0
0
0
0
0
0
0
0
0
0
0
0
0
0
0
0
0
0
0
0
0
0
0
0
0
0
0
0
0
0
0
0
0
0
0
0
0
0
0
0
0
0
0
0
0
0
0
0
0
0
0
0
0
0
0
0
0
0
0
0
0
0
0
0
0
0
0
0
0
0
0
0
0
0
0
0
0
0
0
0
0
0
0
0
0
0
0
0
0
0
0
0
0
0
0
0
0
0
0
0
0
0
0
0
0
0
0
0
0
0
0
0
0
0
0
0
0
0
0
0
0
0
0
0
0
0
0
0
0
0
0
0
0
0
0
0
0
0
0
0
0
0
0
0
0
0
0
0
0
0
0
0
0
0
0
0
0
0
0
0
0
0
0
0
0
0
0
0
0
0
0
0
0
0
0
0
0
0
0
0
0
0
0
0
0
0
0
0
0
0
0
0
0
0
0
0
0
0
0
0
0
0
0
0
0
0
0
0
0
0
0
0
0
0
0
0
0
0
0
0
0
0
0
0
0
0
0
0
0
0
0
0
0
0
0
0
0
0
0
0
0
0
0
0
0
0
0
0
0
0
0
0
0
0
0
0
0
0
0
0
0
0
0
0
0
0
0
0
0
0
0
0
0
0
0
0
0
0
0
0
0
0
0
0
0
0
0
0
0
0
0
0
0
0
0
0
0
0
0
0
0
0
0
0
0
0
0
0
0
0
0
0
0
0
0
0
0
0
0
0
0
0
0
0
0
0
0
0
0
0
0
0
0
0
0
0
0
0
0
0
0
0
0
0
0
0
0
0
0
0
0
0
0
0
0
0
0
0
0
0
0
0
0
0
0
0
0
0
0
0
0
0
0
0
0
0
0
0
0
0
0
0
0
0
0
0
0
0
0
0
0
0
0
0
0
0
0
0
0
0
0
0
0
0
0
0
0
0
0
0
0
0
0
0
0
0
0
0
0
0
0
0
0
0
0
0
0
0
0
0
0
0
0
0
0
0
0
0
0
0
0
0
0
0
0
0
0
0
0
0
0
0
0
0
0
0
0
0
0
0
0
0
0
0
0
0
0
0
0
0
0
0
0
0
0
0
0
0
0
0
0
0
0
0
0
0
0
0
0
0
0
0
0
0
0
0
0
0
0
0
0
0
0
0
0
0
0
0
0
0
0
0
0
0
0
0
0
0
0
0
0
0
0
0
0
0
0
0
0
0
0
0
0
0
0
0
0
0
0
0
0
0
0
0
0
0
0
0
0
0
0
0
0
0
0
0
0
0
0
0
0
0
0
0
0
0
0
