0.0504637746410855
0
0.0417187677912723
0
0.0323494364182096
0
0.0215850638567475
0
0.0126775349248118
0
0.0068403979454287
0
0.00351341333537476
0
0.00176485905524732
0
0.000884188153313149
0
0.000447298077002807
0
0.000229743627392441
0
0.000119825689510234
0
6.32791567188302e-05
0
3.37033523938136e-05
0
1.80369717416311e-05
0
9.66923885871127e-06
0
5.17990070764e-06
0
2.76798304185753e-06
0
1.47338570691111e-06
0
7.8037471261972e-07
0
4.10856021710942e-07
0
2.14723439716723e-07
0
1.11006639624713e-07
0
5.60098562494826e-08
0
2.58534586569002e-08
0
0
0
0
0
0
0
0
0
0
0
0
0
0
0
0
0
0
0
0
0
0
0
0
0
0
0
-0.325901652944771
0
0.00644034651707716
0
0.0105081535870412
0
0.010415726620752
0
0.00804539622374477
0
0.005379583902436
0
0.00329601931298499
0
0.00191968964499584
0
0.00108956501811563
0
0.000612153476857879
0
0.000343265492688484
0
0.000192665284524167
0
0.000108206482513269
0
6.07120604161178e-05
0
3.39676373236369e-05
0
1.89204370199974e-05
0
1.0479435701308e-05
0
5.76622899330238e-06
0
3.14998543082166e-06
0
1.70761572994748e-06
0
9.18399285883253e-07
0
4.90127335033208e-07
0
2.59945033501532e-07
0
1.37948490645352e-07
0
7.55624512731719e-08
0
5.21801885261426e-08
0
0
0
0
0
0
0
0
0
0
0
0
0
0
0
0
0
0
0
0
0
0
0
0
0
0.0403198049441735
0
0.0175602392400499
0
0.00662699756369621
0
0.00198110173371772
0
0.000750627426446108
0
0.000561520030811975
0
0.000515070945646243
0
0.000431229916755959
0
0.000324986305014257
0
0.000226969273721418
0
0.000150453595136351
0
9.6133480947262e-05
0
5.97638636931522e-05
0
3.63505342802067e-05
0
2.17047964299106e-05
0
1.27497101524266e-05
0
7.3784532000892e-06
0
4.21104308131707e-06
0
2.37188928270233e-06
0
1.31918450580479e-06
0
7.2463387748725e-07
0
3.92906892654753e-07
0
2.09585982838281e-07
0
1.08381276568895e-07
0
5.08261383398537e-08
0
0
0
0
0
0
0
0
0
0
0
0
0
0
0
0
0
0
0
0
0
0
0
0
0
0
0
-0.157679785466869
0
0.0117833361558249
0
0.00821806622434294
0
0.00393393594579419
0
0.0013870493434062
0
0.00037383057412067
0
0.000102802297930424
0
7.19421283879172e-05
0
8.15895541407764e-05
0
8.13590491297611e-05
0
6.97657897055979e-05
0
5.39089929082102e-05
0
3.87993178192265e-05
0
2.6533240140283e-05
0
1.74491139560183e-05
0
1.1118089617484e-05
0
6.89771792470677e-06
0
4.18113268650081e-06
0
2.48253279531269e-06
0
1.44665192464756e-06
0
8.28772298270636e-07
0
4.67646408779812e-07
0
2.60778997840471e-07
0
1.45130125053847e-07
0
8.36377929450398e-08
0
6.11180700264819e-08
0
0
0
0
0
0
0
0
0
0
0
0
0
0
0
0
0
0
0
0
0
0
0
0
0
0.0331460864275829
0
0.00555405320977262
0
0.000945125653178201
0
0.000215821716584753
0
0.000110310109575178
0
6.29653962765824e-05
0
3.78251065042579e-05
0
2.98993733380836e-05
0
2.8427995654548e-05
0
2.68821322875408e-05
0
2.36555537701357e-05
0
1.93272656677247e-05
0
1.48291546322296e-05
0
1.08031010880051e-05
0
7.53588332259557e-06
0
5.06524204863212e-06
0
3.29618649199323e-06
0
2.08437580901787e-06
0
1.28459230532697e-06
0
7.73345932766359e-07
0
4.55492179033758e-07
0
2.62522845672145e-07
0
1.47494540595242e-07
0
7.93620259093491e-08
0
3.81981324396738e-08
0
0
0
0
0
0
0
0
0
0
0
0
0
0
0
0
0
0
0
0
0
0
0
0
0
0
0
-0.0887152730119759
0
0.00866269932166614
0
0.00301283097100318
0
0.000567506643434987
0
-6.051711519529e-05
0
-0.00010369181254576
0
-5.20481986571309e-05
0
-1.59489906326261e-05
0
4.65340561911321e-07
0
6.58825550546796e-06
0
8.2082722750754e-06
0
7.91285552883628e-06
0
6.83074174923362e-06
0
5.50077067099374e-06
0
4.20022759256212e-06
0
3.06665338034716e-06
0
2.15254627664927e-06
0
1.45854532545975e-06
0
9.57306957425322e-07
0
6.10454794549207e-07
0
3.79288374265685e-07
0
2.30371095689988e-07
0
1.37538022336597e-07
0
8.18368870377187e-08
0
5.06985212077825e-08
0
4.00031173844396e-08
0
0
0
0
0
0
0
0
0
0
0
0
0
0
0
0
0
0
0
0
0
0
0
0
0
0.0250117179967036
0
0.00115135162026716
0
0.000188510187932782
0
2.0062474146493e-05
0
-2.9907964572466e-05
0
-2.93179976696376e-05
0
-1.65966846817608e-05
0
-6.60710646582607e-06
0
-1.11797756439062e-06
0
1.40654674954111e-06
0
2.35520504537056e-06
0
2.52358761653612e-06
0
2.32271014738724e-06
0
1.96615665904374e-06
0
1.56886707546243e-06
0
1.19316815908191e-06
0
8.70167933726417e-07
0
6.11038253939772e-07
0
4.14459305504542e-07
0
2.72242790281158e-07
0
1.73474040286735e-07
0
1.07204557355002e-07
0
6.38793617283605e-08
0
3.58701371167208e-08
0
1.77743890849741e-08
0
0
0
0
0
0
0
0
0
0
0
0
0
0
0
0
0
0
0
0
0
0
0
0
0
0
0
-0.0497982791604136
0
0.00265024954517376
0
0.000697155451664753
0
-3.20058224739234e-05
0
-9.02810039915013e-05
0
-4.72831266730672e-05
0
-1.83264163967876e-05
0
-5.95274969344593e-06
0
-1.44257232221457e-06
0
1.05430060010051e-07
0
6.41351846255799e-07
0
8.20422338125839e-07
0
8.46106295224169e-07
0
7.90230759217668e-07
0
6.89783454335669e-07
0
5.70082061420105e-07
0
4.49224600210617e-07
0
3.39069434202658e-07
0
2.46024931778943e-07
0
1.72170313306654e-07
0
1.16605612483197e-07
0
7.67713099417853e-08
0
4.95204359296603e-08
0
3.18600625013153e-08
0
2.14599706196834e-08
0
1.84440903795773e-08
0
0
0
0
0
0
0
0
0
0
0
0
0
0
0
0
0
0
0
0
0
0
0
0
0
0.0179821231416245
0
0.000203793944561073
0
8.38508832237669e-06
0
-3.76590583598421e-05
0
-3.21714764392024e-05
0
-1.66091547025267e-05
0
-6.7301841522387e-06
0
-2.23188512782724e-06
0
-5.1891275936196e-07
0
5.37342663057417e-08
0
2.27745637881738e-07
0
2.75776634236573e-07
0
2.8109794478742e-07
0
2.66055620020435e-07
0
2.38248196481472e-07
0
2.02949941068057e-07
0
1.64987053814152e-07
0
1.28356314635593e-07
0
9.58038443808004e-08
0
6.87462399080693e-08
0
4.74746338666175e-08
0
3.14965046705504e-08
0
1.9885670826689e-08
0
1.159007333194e-08
0
5.88339699033348e-09
0
0
0
0
0
0
0
0
0
0
0
0
0
0
0
0
0
0
0
0
0
0
0
0
0
0
0
-0.0284839162074393
0
-0.0009687116684591
0
0.000159466568838524
0
-3.91734551486169e-05
0
-3.49674421667857e-05
0
-1.4274126993661e-05
0
-4.40321802297443e-06
0
-1.09935503769807e-06
0
-1.96173655083031e-07
0
1.88774156048836e-08
0
6.75398288183777e-08
0
8.1065528543291e-08
0
8.70269234795172e-08
0
8.90907394171831e-08
0
8.68880756389396e-08
0
8.04926663072732e-08
0
7.08778917962409e-08
0
5.94709223822271e-08
0
4.76949521918922e-08
0
3.66850023388876e-08
0
2.71722257036629e-08
0
1.94949502716631e-08
0
1.3687346954e-08
0
9.60249729348807e-09
0
7.07218317086688e-09
0
6.63881593586808e-09
0
0
0
0
0
0
0
0
0
0
0
0
0
0
0
0
0
0
0
0
0
0
0
0
0
0.0125917915634105
0
0.000189557345847155
0
-3.67045679761537e-05
0
-2.59746068221528e-05
0
-1.31683495658203e-05
0
-4.78480703166145e-06
0
-1.22508052006422e-06
0
-1.38499315271999e-07
0
7.30408201208484e-08
0
6.98367655577758e-08
0
4.47062564319059e-08
0
3.1700853638237e-08
0
2.805689416732e-08
0
2.78849789211454e-08
0
2.78382294360333e-08
0
2.66742457276483e-08
0
2.42670966426845e-08
0
2.09628003413233e-08
0
1.72349016359316e-08
0
1.35127711558275e-08
0
1.01047653571515e-08
0
7.17782005671781e-09
0
4.77153049063194e-09
0
2.84384191820562e-09
0
1.4457397778148e-09
0
0
0
0
0
0
0
0
0
0
0
0
0
0
0
0
0
0
0
0
0
0
0
0
0
0
0
-0.0168568999675269
0
-0.00224201480391168
0
4.01497834572782e-05
0
-1.07543863766406e-05
0
-1.12266446830788e-05
0
-3.80412934253053e-06
0
-7.88034865665685e-07
0
-2.50667079935111e-08
0
8.24364837145526e-08
0
5.92780897311649e-08
0
3.088210483694e-08
0
1.55133024906372e-08
0
9.60326513692651e-09
0
8.23182598654997e-09
0
8.42665355112981e-09
0
8.78128836666978e-09
0
8.76311488518659e-09
0
8.27034222270475e-09
0
7.39404087538457e-09
0
6.29398406080084e-09
0
5.13317445513559e-09
0
4.04461469879578e-09
0
3.11842096865901e-09
0
2.4042479735356e-09
0
1.94058446674542e-09
0
1.97910330638324e-09
0
0
0
0
0
0
0
0
0
0
0
0
0
0
0
0
0
0
0
0
0
0
0
0
0
0.00860875340416436
0
0.000371720063873312
0
-2.75381013578803e-05
0
-1.23293341490127e-05
0
-4.09326830579569e-06
0
-9.32645265201083e-07
0
-2.01738984486718e-08
0
1.1125838404175e-07
0
7.31063779759098e-08
0
3.30011474522145e-08
0
1.25919620103673e-08
0
4.70822576589672e-09
0
2.39299799351339e-09
0
2.10402516776553e-09
0
2.37529097209897e-09
0
2.66250730108029e-09
0
2.78762194662879e-09
0
2.71830134326122e-09
0
2.48300555547036e-09
0
2.13367141687032e-09
0
1.7254235394996e-09
0
1.30417348985034e-09
0
8.99516223246309e-10
0
5.27185220539714e-10
0
2.47197589482492e-10
0
0
0
0
0
0
0
0
0
0
0
0
0
0
0
0
0
0
0
0
0
0
0
0
0
0
0
-0.0101935803145001
0
-0.00235447821146726
0
-2.59062419178825e-05
0
7.14577344503106e-07
0
-2.90112657115211e-06
0
-8.46920838526096e-07
0
-3.82834170409342e-08
0
8.88966483315079e-08
0
6.21663212129993e-08
0
2.91513132170903e-08
0
1.11900961795066e-08
0
3.68406881866117e-09
0
1.11455494059893e-09
0
4.80053793692376e-10
0
4.91201500332694e-10
0
6.60749514358647e-10
0
8.19756234368801e-10
0
9.15914142662251e-10
0
9.4066198019325e-10
0
9.04063837992174e-10
0
8.24666988210566e-10
0
7.23660704777002e-10
0
6.20571859451915e-10
0
5.30447532950794e-10
0
4.693175048497e-10
0
5.07090316433837e-10
0
0
0
0
0
0
0
0
0
0
0
0
0
0
0
0
0
0
0
0
0
0
0
0
0
0.00574725986569573
0
0.000516249359637991
0
-1.06680934584248e-05
0
-6.10709002514741e-06
0
-1.19165855035686e-06
0
-9.65327290105105e-08
0
7.95801522641526e-08
0
6.01995595244418e-08
0
2.73377418644561e-08
0
9.76287930134571e-09
0
2.85719430880395e-09
0
6.29383040561586e-10
0
6.12961799458368e-11
0
6.60749986218632e-13
0
6.9449357608842e-11
0
1.54245754855338e-10
0
2.21959081990071e-10
0
2.62969453998383e-10
0
2.75766981782335e-10
0
2.62963513271856e-10
0
2.29612333770591e-10
0
1.81640760118806e-10
0
1.24082044716296e-10
0
6.08698843351043e-11
0
1.31075486935769e-11
0
0
0
0
0
0
0
0
0
0
0
0
0
0
0
0
0
0
0
0
0
0
0
0
0
0
0
-0.00621491421100143
0
-0.00200824808482566
0
-8.55730301780474e-05
0
2.97490894570485e-06
0
-1.38116588083402e-07
0
-1.05895888539919e-07
0
4.66941058933731e-08
0
4.79613931820945e-08
0
2.36817925389973e-08
0
8.73470648091592e-09
0
2.54199527879079e-09
0
5.12828553520258e-10
0
-4.11309162181308e-12
0
-7.38230212314049e-11
0
-3.99912032274874e-11
0
6.62850044819001e-12
0
4.71605111636969e-11
0
7.87414755602173e-11
0
1.01076250432192e-10
0
1.14489396002714e-10
0
1.20110094615526e-10
0
1.19933421658003e-10
0
1.16361906056177e-10
0
1.11318617939268e-10
0
1.07109754779425e-10
0
1.16309450949934e-10
0
0
0
0
0
0
0
0
0
0
0
0
0
0
0
0
0
0
0
0
0
0
0
0
0
0.00375242262626765
0
0.000555114241315872
0
7.13841762450145e-06
0
-3.47397542951036e-06
0
-4.66166880223851e-07
0
1.18152708593029e-08
0
4.06420444895e-08
0
2.10003051166174e-08
0
7.56162551229092e-09
0
2.05511412670351e-09
0
3.47436865920239e-10
0
-4.54529373612453e-11
0
-8.51333235684577e-11
0
-5.90332123615196e-11
0
-3.2321451801458e-11
0
-1.29814198695048e-11
0
8.10077897316073e-13
0
1.05593045288571e-11
0
1.66449336246305e-11
0
1.90072523201673e-11
0
1.76651630686943e-11
0
1.28875395730203e-11
0
5.05524567115737e-12
0
-5.21968761318395e-12
0
-8.27992992511548e-12
0
0
0
0
0
0
0
0
0
0
0
0
0
0
0
0
0
0
0
0
0
0
0
0
0
0
0
-0.00378957198187993
0
-0.00153993338711173
0
-0.000126971973276364
0
8.96127707846707e-07
0
6.49815830581178e-07
0
5.57507373844487e-08
0
2.84096001146678e-08
0
1.72252416036647e-08
0
6.7635067103621e-09
0
1.86927356514256e-09
0
2.90935554955581e-10
0
-5.74175575694446e-11
0
-7.76181999431967e-11
0
-4.63148024826776e-11
0
-2.21059265755929e-11
0
-8.16828405129915e-12
0
2.50429659396529e-13
0
6.29657491862096e-12
0
1.12289634867655e-11
0
1.53834168452167e-11
0
1.88298574045971e-11
0
2.1654408785097e-11
0
2.39312000057738e-11
0
2.53199935232262e-11
0
2.42653902942925e-11
0
0
0
0
0
0
0
0
0
0
0
0
0
0
0
0
0
0
0
0
0
0
0
0
0
0
0
0.00239932462962365
0
0.000506174056148665
0
2.35535703009509e-05
0
-1.90585436145751e-06
0
-3.329483424831e-07
0
2.42381496771701e-10
0
1.47349166801896e-08
0
6.12102987754054e-09
0
1.67429494000348e-09
0
2.42251705685331e-10
0
-6.42402498904118e-11
0
-7.49404637224932e-11
0
-4.35870563604785e-11
0
-2.20783077464279e-11
0
-1.17291223845893e-11
0
-7.20357446110398e-12
0
-5.05540977795098e-12
0
-3.82166617929065e-12
0
-3.07609958331829e-12
0
-2.80050875075472e-12
0
-3.06180056203349e-12
0
-3.82806407699685e-12
0
-4.80950572052218e-12
0
-4.95642385114811e-12
0
3.04895965079111e-12
0
0
0
0
0
0
0
0
0
0
0
0
0
0
0
0
0
0
0
0
0
0
0
0
0
0
0
-0.00229842867523071
0
-0.00110139356060668
0
-0.000141732786818056
0
-3.23808760824527e-06
0
7.07705520353503e-07
0
9.38871442433994e-08
0
1.40589244622017e-08
0
5.0125308909408e-09
0
1.55023171942651e-09
0
2.50469517849444e-10
0
-5.35377990187463e-11
0
-6.64012031833662e-11
0
-3.55882501425657e-11
0
-1.45687977206141e-11
0
-4.85514434607189e-12
0
-9.5236100203495e-13
0
7.04972680949959e-13
0
1.69089688028662e-12
0
2.56996368150233e-12
0
3.50125428672676e-12
0
4.49504332867584e-12
0
5.48277554105324e-12
0
6.26185649956268e-12
0
6.30557031054565e-12
0
4.50680674433601e-12
0
0
0
0
0
0
0
0
0
0
0
0
0
0
0
0
0
0
0
0
0
0
0
0
0
0
0
0.00150332697065323
0
0.000412247674942159
0
3.46782600270864e-05
0
-3.99892172367946e-07
0
-2.97639064331806e-07
0
-1.82901267611283e-08
0
4.03656067135501e-09
0
1.62981217120177e-09
0
2.84735162108074e-10
0
-3.63309257290002e-11
0
-5.89568387881717e-11
0
-3.32895100374224e-11
0
-1.46576095626125e-11
0
-6.15593769010575e-12
0
-3.0664127857897e-12
0
-2.14573445040974e-12
0
-1.95525473796891e-12
0
-1.99191291508593e-12
0
-2.12348465684088e-12
0
-2.33393014361612e-12
0
-2.61310405877421e-12
0
-2.8894540565334e-12
0
-2.98831062266029e-12
0
-2.69901022037327e-12
0
-1.59520804140527e-12
0
0
0
0
0
0
0
0
0
0
0
0
0
0
0
0
0
0
0
0
0
0
0
0
0
0
0
-0.00138082080231056
0
-0.000747997308086116
0
-0.000133485767164779
0
-7.42555129274856e-06
0
4.32196032710237e-07
0
1.0370323428401e-07
0
1.01428291747925e-08
0
1.33186341026473e-09
0
2.51156207897139e-10
0
-1.53080784504843e-11
0
-4.69019157277088e-11
0
-2.72995087460185e-11
0
-1.08788298035787e-11
0
-3.1606088937282e-12
0
-3.32600470513167e-13
0
5.56145604580696e-13
0
8.46170225370772e-13
0
1.02100116659936e-12
0
1.22804025629286e-12
0
1.50049861593374e-12
0
1.82988103898905e-12
0
2.18330795176088e-12
0
2.51497555260119e-12
0
2.83718829090642e-12
0
3.22406458553549e-12
0
0
0
0
0
0
0
0
0
0
0
0
0
0
0
0
0
0
0
0
0
0
0
0
0
0
0
0.000923017578898512
0
0.000309022772651547
0
3.86631498705582e-05
0
1.12587952521966e-06
0
-2.2672166403181e-07
0
-2.9812722600564e-08
0
-3.00285604395906e-10
0
4.16072996428891e-10
0
3.50028217225461e-11
0
-3.47677503438833e-11
0
-2.42597093412825e-11
0
-1.06878560777385e-11
0
-3.95439746284927e-12
0
-1.50781262492233e-12
0
-8.28757337299558e-13
0
-7.3186607524227e-13
0
-8.00198600713873e-13
0
-9.19752137153242e-13
0
-1.07053036275119e-12
0
-1.25490963903574e-12
0
-1.48026401453304e-12
0
-1.76545713877129e-12
0
-2.16387927177113e-12
0
-2.63210894602785e-12
0
-1.32893014639961e-12
0
0
0
0
0
0
0
0
0
0
0
0
0
0
0
0
0
0
0
0
0
0
0
0
0
0
0
-0.000818999058360071
0
-0.000487159650733333
0
-0.000111684825433879
0
-1.01846706251983e-05
0
-5.21885959563128e-09
0
9.32730927981944e-08
0
1.07961064209464e-08
0
6.27935740309726e-10
0
-6.19949914307132e-12
0
-2.99684043068658e-11
0
-1.92399164592028e-11
0
-8.25284928036384e-12
0
-2.46930412379661e-12
0
-2.91952454372694e-13
0
3.42183617069302e-13
0
4.90637173997425e-13
0
5.39637765547864e-13
0
6.00105407780318e-13
0
6.97370690303547e-13
0
8.38317163341339e-13
0
1.03328359123706e-12
0
1.30667407284905e-12
0
1.6953076806069e-12
0
2.14906524807172e-12
0
1.97155517315535e-12
0
0
0
0
0
0
0
0
0
0
0
0
0
0
0
0
0
0
0
0
0
0
0
0
0
0
0
0.000555169095943788
0
0.000217122248859688
0
3.64954942241295e-05
0
2.36791874788062e-06
0
-1.02473011666869e-07
0
-3.27266936442438e-08
0
-2.46421601913316e-09
0
4.0017460354511e-11
0
9.40557257007601e-12
0
-1.29096851619651e-11
0
-7.67188453570223e-12
0
-2.88339063401124e-12
0
-9.42662284301736e-13
0
-3.91513490663983e-13
0
-3.0724633455952e-13
0
-3.45376104738181e-13
0
-4.12849450481428e-13
0
-4.96541376121582e-13
0
-6.0441380478829e-13
0
-7.53089940467162e-13
0
-9.68287712746361e-13
0
-1.27616335071323e-12
0
-1.64246329065468e-12
0
-1.75265067988217e-12
0
-8.86361861779354e-13
0
0
0
0
0
0
0
0
0
0
0
0
0
0
0
0
0
0
0
0
0
0
0
0
0
0
0
-0.000478373557688941
0
-0.000306059343811506
0
-8.54535602432299e-05
0
-1.10009231479435e-05
0
-4.53316831398014e-07
0
6.15882528277614e-08
0
1.16643857398824e-08
0
8.18559013577929e-10
0
-1.65867110121646e-11
0
-1.87715276118231e-11
0
-6.69617714948923e-12
0
-2.02983696357874e-12
0
-3.3113135351133e-13
0
1.71018410177769e-13
0
2.7534610691854e-13
0
2.92150869321803e-13
0
3.12454969579184e-13
0
3.55769680883667e-13
0
4.2788888101369e-13
0
5.38628962667444e-13
0
7.05087000867548e-13
0
9.429447417026e-13
0
1.23206996308844e-12
0
1.43807208111142e-12
0
1.17286106973117e-12
0
0
0
0
0
0
0
0
0
0
0
0
0
0
0
0
0
0
0
0
0
0
0
0
0
0
0
0.000326969316444909
0
0.000144656108916069
0
3.06118823737312e-05
0
3.06589342393282e-06
0
4.62887783265727e-08
0
-2.67458391591123e-08
0
-3.59563934064747e-09
0
-1.70668756396251e-10
0
6.16893204885314e-12
0
-1.99773187116984e-12
0
-1.93108110055703e-12
0
-7.06560186307867e-13
0
-2.37715921919232e-13
0
-1.48538478555881e-13
0
-1.65260851577197e-13
0
-2.03014979267721e-13
0
-2.48534962337583e-13
0
-3.07860949245029e-13
0
-3.92624926390865e-13
0
-5.17164857304463e-13
0
-6.92566223840739e-13
0
-9.09304812496058e-13
0
-1.10657800070495e-12
0
-1.10318045145945e-12
0
0
0
0
0
0
0
0
0
0
0
0
0
0
0
0
0
0
0
0
0
0
0
0
0
0
0
0
0
-0.000274626678636501
0
-0.000186160150285508
0
-6.08824223060814e-05
0
-1.01842464197323e-05
0
-7.84207801080639e-07
0
1.56488613580886e-08
0
1.05407916045671e-08
0
1.15044851435356e-09
0
3.33895446574764e-11
0
-1.00965465646492e-11
0
-2.70284898287798e-12
0
-4.41624776406367e-13
0
5.76502402280032e-14
0
1.52787716030749e-13
0
1.62713350931036e-13
0
1.68626218851146e-13
0
1.88281828599427e-13
0
2.25613753512875e-13
0
2.85372656107332e-13
0
3.75118770962199e-13
0
5.01073459841818e-13
0
6.58530983720108e-13
0
8.17787553882621e-13
0
8.87084358680883e-13
0
4.96285880818965e-13
0
0
0
0
0
0
0
0
0
0
0
0
0
0
0
0
0
0
0
0
0
0
0
0
0
0
0
0.000188473715490468
0
9.20939992121467e-05
0
2.34425986901455e-05
0
3.17980814046569e-06
0
1.77133186467758e-07
0
-1.3847718045558e-08
0
-3.75650141735644e-09
0
-3.35415372521265e-10
0
-6.60875036666304e-12
0
1.31540330607455e-12
0
-1.798345820427e-13
0
-1.61245795790627e-13
0
-8.71631457615793e-14
0
-8.57282989446999e-14
0
-1.0568523995316e-13
0
-1.30667799722141e-13
0
-1.62474581859512e-13
0
-2.07355793342023e-13
0
-2.72157678536443e-13
0
-3.61832136877727e-13
0
-4.75290804856651e-13
0
-5.99518528362828e-13
0
-6.93071999140585e-13
0
-6.12278731912721e-13
0
0
0
0
0
0
0
0
0
0
0
0
0
0
0
0
0
0
0
0
0
0
0
0
0
0
0
0
0
-0.000154726242880949
0
-0.000109884162858924
0
-4.08781314864976e-05
0
-8.41680034401745e-06
0
-9.36363023285337e-07
0
-3.11951359103755e-08
0
7.0265051941728e-09
0
1.29753312191575e-09
0
9.34152136297962e-11
0
-2.31129419770524e-12
0
-1.49861671613885e-12
0
-1.5282947549482e-13
0
7.19954033056165e-14
0
9.27233315971333e-14
0
9.4254328530831e-14
0
1.02551312973004e-13
0
1.21034229128449e-13
0
1.51545250048262e-13
0
1.96950417008134e-13
0
2.59924517277489e-13
0
3.40618524543818e-13
0
4.33671438564824e-13
0
5.19679959141688e-13
0
5.32865779029148e-13
0
3.09053465269469e-13
0
0
0
0
0
0
0
0
0
0
0
0
0
0
0
0
0
0
0
0
0
0
0
0
0
0
0
0.000106283930344154
0
5.63228282270016e-05
0
1.66736419331178e-05
0
2.85334380327259e-06
0
2.59146067362639e-07
0
1.7009037364938e-09
0
-2.9487180761831e-09
0
-4.27775247667646e-10
0
-2.59762047617445e-11
0
8.30148597837497e-13
0
2.81705909059648e-13
0
-1.74357511321933e-14
0
-4.72491695555591e-14
0
-5.74593546277574e-14
0
-7.0579183120481e-14
0
-8.7255580693034e-14
0
-1.10127297795997e-13
0
-1.42373325230575e-13
0
-1.86485647213007e-13
0
-2.43512591248145e-13
0
-3.12060252981357e-13
0
-3.84546952486981e-13
0
-4.3368887136464e-13
0
-3.89271899030924e-13
0
0
0
0
0
0
0
0
0
0
0
0
0
0
0
0
0
0
0
0
0
0
0
0
0
0
0
0
0
-8.54558100587497e-05
0
-6.3042365081345e-05
0
-2.60820371302594e-05
0
-6.36011620997916e-06
0
-9.20970939120812e-07
0
-6.64446135797236e-08
0
2.08038570975412e-09
0
1.13639811387189e-09
0
1.36229829523299e-10
0
5.82599777009934e-12
0
-7.43843749146512e-13
0
-1.31559581040737e-13
0
3.62413114126229e-14
0
5.33902716694053e-14
0
5.72648511703535e-14
0
6.58561677263751e-14
0
8.07702659070775e-14
0
1.02943901552868e-13
0
1.33543056499747e-13
0
1.7350327796583e-13
0
2.22999921594316e-13
0
2.79595336773019e-13
0
3.31711080781981e-13
0
3.40124265859134e-13
0
1.97726484375513e-13
0
0
0
0
0
0
0
0
0
0
0
0
0
0
0
0
0
0
0
0
0
0
0
0
0
0
0
5.86136529785213e-05
0
3.32140876946431e-05
0
1.11435658411581e-05
0
2.29757897123223e-06
0
2.84224305865973e-07
0
1.52139767562821e-08
0
-1.4636301660099e-09
0
-4.13256213422257e-10
0
-4.27279443499345e-11
0
-1.37126747923514e-12
0
2.61553544780667e-13
0
2.74073152693621e-14
0
-2.75377775723645e-14
0
-3.87686301575534e-14
0
-4.74002435924306e-14
0
-5.87447766986182e-14
0
-7.44025467207865e-14
0
-9.56409491526948e-14
0
-1.23527951265145e-13
0
-1.58950173451981e-13
0
-2.01931668764993e-13
0
-2.48691091056868e-13
0
-2.82075092262643e-13
0
-2.37279466871465e-13
0
0
0
0
0
0
0
0
0
0
0
0
0
0
0
0
0
0
0
0
0
0
0
0
0
0
0
0
0
-4.62286818381302e-05
0
-3.51928550503469e-05
0
-1.59087581445221e-05
0
-4.46332739148463e-06
0
-7.93305934373584e-07
0
-8.3918138577735e-08
0
-2.7704404208447e-09
0
7.07978813662346e-10
0
1.44300697294905e-10
0
1.27775492773051e-11
0
1.56127358418804e-13
0
-1.04443278822544e-13
0
9.58410158918039e-15
0
3.08118337516295e-14
0
3.62805952278673e-14
0
4.33251369590067e-14
0
5.38804334284578e-14
0
6.84967896618816e-14
0
8.78929397954974e-14
0
1.13023684553237e-13
0
1.44724904023355e-13
0
1.82070233804117e-13
0
2.16527259818455e-13
0
2.12727988088964e-13
0
0
0
0
0
0
0
0
0
0
0
0
0
0
0
0
0
0
0
0
0
0
0
0
0
0
0
0
0
3.16027096614733e-05
0
1.89379176008994e-05
0
7.05654149395067e-06
0
1.69615185247734e-06
0
2.63483746075407e-07
0
2.3620972755551e-08
0
1.90805498249171e-10
0
-2.96786796093664e-10
0
-4.91271031841737e-11
0
-3.80634402278141e-12
0
1.37406583915316e-14
0
3.21706936231556e-14
0
-1.44190567283455e-14
0
-2.54497543812838e-14
0
-3.15149520763511e-14
0
-3.90106890587316e-14
0
-4.91055241212643e-14
0
-6.25127847948042e-14
0
-8.00968797359893e-14
0
-1.02763094174111e-13
0
-1.30471649926549e-13
0
-1.58747796068066e-13
0
-1.67898288752311e-13
0
-9.46366921091398e-14
0
0
0
0
0
0
0
0
0
0
0
0
0
0
0
0
0
0
0
0
0
0
0
0
0
0
0
0
0
-2.44800740320361e-05
0
-1.91316772294703e-05
0
-9.31734429290243e-06
0
-2.94070754965939e-06
0
-6.17189975156352e-07
0
-8.45364791351104e-08
0
-6.27105197137058e-09
0
1.63580762751974e-10
0
1.15136514260643e-10
0
1.6272128404656e-11
0
1.07936759724676e-12
0
-2.36104820808706e-14
0
-1.30889597517586e-15
0
1.76352527774769e-14
0
2.32547692295758e-14
0
2.83489908606965e-14
0
3.52260617649376e-14
0
4.44568600892993e-14
0
5.6688364122903e-14
0
7.27076456003594e-14
0
9.28496573002057e-14
0
1.15037807845764e-13
0
1.29461441799041e-13
0
1.10942358267663e-13
0
0
0
0
0
0
0
0
0
0
0
0
0
0
0
0
0
0
0
0
0
0
0
0
0
0
0
0
0
1.66558831637887e-05
0
1.0461908778409e-05
0
4.25985845487766e-06
0
1.16434686899158e-06
0
2.16536424536782e-07
0
2.62637773051345e-08
0
1.53372308400267e-09
0
-1.2321755657314e-10
0
-4.26149943227946e-11
0
-5.31739431072014e-12
0
-3.02774508759404e-13
0
1.00094500121583e-14
0
-7.01915350295356e-15
0
-1.61261874350636e-14
0
-2.05104018580971e-14
0
-2.53096902005078e-14
0
-3.16400439914886e-14
0
-4.00689270884594e-14
0
-5.12082404220236e-14
0
-6.54241899566716e-14
0
-8.17450054341937e-14
0
-9.52893735135299e-14
0
-9.33753500578493e-14
0
-5.69000549951121e-14
0
0
0
0
0
0
0
0
0
0
0
0
0
0
0
0
0
0
0
0
0
0
0
0
0
0
0
0
0
-1.26844749856902e-05
0
-1.01346789190091e-05
0
-5.25736673389683e-06
0
-1.83354434091944e-06
0
-4.41868064410326e-07
0
-7.36341668164744e-08
0
-7.9049004693901e-09
0
-3.25423520224425e-10
0
6.13795314082684e-11
0
1.52349042265771e-11
0
1.70759846498918e-12
0
8.47284388490209e-14
0
8.83210641949512e-16
0
1.00745004592763e-14
0
1.47129618720578e-14
0
1.81893517127387e-14
0
2.25213352115836e-14
0
2.8295569148684e-14
0
3.59695999007285e-14
0
4.58894598780113e-14
0
5.77681534378093e-14
0
6.96112966857045e-14
0
7.61952529392298e-14
0
6.54686079163526e-14
0
0
0
0
0
0
0
0
0
0
0
0
0
0
0
0
0
0
0
0
0
0
0
0
0
0
0
0
0
8.58024180706696e-06
0
5.60872144095804e-06
0
2.46297683391974e-06
0
7.50713202043214e-07
0
1.61835602503981e-07
0
2.43657084435794e-08
0
2.30149334434115e-09
0
4.83219535254096e-11
0
-2.63703506277544e-11
0
-5.3235757882238e-12
0
-5.44452536341385e-13
0
-2.53965607776769e-14
0
-4.8592230058253e-15
0
-9.93710210537884e-15
0
-1.30092775183588e-14
0
-1.60496213695907e-14
0
-1.99887550055347e-14
0
-2.52387420401312e-14
0
-3.21001662980279e-14
0
-4.05794531053341e-14
0
-4.98985597222995e-14
0
-5.75604064853783e-14
0
-5.63959306172788e-14
0
0
0
0
0
0
0
0
0
0
0
0
0
0
0
0
0
0
0
0
0
0
0
0
0
0
0
0
0
0
0
-6.42980074220548e-06
0
-5.23448513208518e-06
0
-2.86557228259257e-06
0
-1.08838944799716e-06
0
-2.9480176290849e-07
0
-5.75168025047601e-08
0
-7.86813861362447e-09
0
-6.45300098635358e-10
0
2.88865614725533e-12
0
1.0472057821059e-11
0
1.82673828993949e-12
0
1.73971222879564e-13
0
1.03360274195705e-14
0
6.26295066967602e-15
0
9.12297953434945e-15
0
1.14166667372031e-14
0
1.41163976365537e-14
0
1.76823667091789e-14
0
2.23655011710444e-14
0
2.82565946106899e-14
0
3.50608690290673e-14
0
4.15203929673485e-14
0
4.3307119660297e-14
0
2.47449462801006e-14
0
0
0
0
0
0
0
0
0
0
0
0
0
0
0
0
0
0
0
0
0
0
0
0
0
0
0
0
0
4.32057996942931e-06
0
2.92195940376219e-06
0
1.36891680413737e-06
0
4.58007337596351e-07
0
1.11773124092689e-07
0
1.9922521731004e-08
0
2.48443492541352e-09
0
1.72661519139527e-10
0
-6.84869686891843e-12
0
-3.96436982327104e-12
0
-6.19687966307909e-13
0
-5.68559919556111e-14
0
-6.15004697659503e-15
0
-6.16213876370644e-15
0
-8.06080025092449e-15
0
-9.97009738623258e-15
0
-1.23868211978892e-14
0
-1.55635188333195e-14
0
-1.96238493378384e-14
0
-2.45065011116201e-14
0
-2.96393091909592e-14
0
-3.27873106708968e-14
0
-2.78733050919391e-14
0
0
0
0
0
0
0
0
0
0
0
0
0
0
0
0
0
0
0
0
0
0
0
0
0
0
0
0
0
0
0
-3.18838114429806e-06
0
-2.63747076361609e-06
0
-1.51201640634222e-06
0
-6.17966846693009e-07
0
-1.84959509402311e-07
0
-4.11361916323441e-08
0
-6.7489313825678e-09
0
-7.67999661324352e-10
0
-4.32887935127064e-11
0
4.07384149714822e-12
0
1.45276850139519e-12
0
2.09317998800433e-13
0
2.01445873450028e-14
0
4.81809774369936e-15
0
5.60230454200464e-15
0
7.01888749623748e-15
0
8.67316639745579e-15
0
1.0816066354107e-14
0
1.35774108883707e-14
0
1.69730674394748e-14
0
2.07290528117432e-14
0
2.3685058348497e-14
0
2.27832953397297e-14
0
1.39632389192139e-14
0
0
0
0
0
0
0
0
0
0
0
0
0
0
0
0
0
0
0
0
0
0
0
0
0
0
0
0
0
2.1270344142611e-06
0
1.48099436355195e-06
0
7.33556534420451e-07
0
2.65932889025132e-07
0
7.21318235398159e-08
0
1.47601499091828e-08
0
2.24228546995117e-09
0
2.32517682673285e-10
0
9.76188594781588e-12
0
-1.89586430981605e-12
0
-5.20776973628837e-13
0
-7.11901593923967e-14
0
-8.39050070427361e-15
0
-4.06967151998853e-15
0
-4.91068473584643e-15
0
-6.06744596361367e-15
0
-7.51123303698774e-15
0
-9.37172574984681e-15
0
-1.17004789992268e-14
0
-1.44053989262122e-14
0
-1.70029217547816e-14
0
-1.82536678661639e-14
0
-1.57497834631946e-14
0
0
0
0
0
0
0
0
0
0
0
0
0
0
0
0
0
0
0
0
0
0
0
0
0
0
0
0
0
0
0
-1.54685579212338e-06
0
-1.29720958516013e-06
0
-7.73750086234123e-07
0
-3.36878166845518e-07
0
-1.09880476486865e-07
0
-2.73062307911617e-08
0
-5.18205118746046e-09
0
-7.32324727421002e-10
0
-6.89193878487432e-11
0
-1.76035510455791e-12
0
7.91653592770743e-13
0
1.84186815574528e-13
0
2.50139688133788e-14
0
4.45903561907863e-15
0
3.48357665846009e-15
0
4.2334211759053e-15
0
5.21434279488126e-15
0
6.46485768461771e-15
0
8.05033318603199e-15
0
9.96142911192038e-15
0
1.20048751077611e-14
0
1.3575250772311e-14
0
1.31612264626146e-14
0
0
0
0
0
0
0
0
0
0
0
0
0
0
0
0
0
0
0
0
0
0
0
0
0
0
0
0
0
0
0
1.02409789109708e-06
0
7.31107782981774e-07
0
3.79939029892217e-07
0
1.47626484255072e-07
0
4.38515173748152e-08
0
1.00770074858672e-08
0
1.7854979536049e-09
0
2.35550596918683e-10
0
1.99709570351377e-11
0
1.17262075586948e-13
0
-3.11099268264971e-13
0
-6.48911549603174e-14
0
-9.50295368718219e-15
0
-2.95518830793868e-15
0
-2.96840745842273e-15
0
-3.61638341461724e-15
0
-4.45396795285373e-15
0
-5.51703342072488e-15
0
-6.82143346439248e-15
0
-8.28657852229291e-15
0
-9.60528763088626e-15
0
-9.82943855944897e-15
0
-5.71278242726936e-15
0
0
0
0
0
0
0
0
0
0
0
0
0
0
0
0
0
0
0
0
0
0
0
0
0
0
0
0
0
0
0
-7.34476246876451e-07
0
-6.23214504238503e-07
0
-3.84644873224024e-07
0
-1.76878174223752e-07
0
-6.21463624181194e-08
0
-1.69862124995721e-08
0
-3.6381289027715e-09
0
-6.05283064130024e-10
0
-7.47309984853807e-11
0
-5.64194095449314e-12
0
1.06342181992821e-13
0
1.17828549127939e-13
0
2.31557365800682e-14
0
4.19278089588964e-15
0
2.23789472963151e-15
0
2.51230930207211e-15
0
3.06626559375919e-15
0
3.77565396596774e-15
0
4.6600981575237e-15
0
5.70271553186386e-15
0
6.77743235716523e-15
0
7.43483888074303e-15
0
6.18692608558863e-15
0
0
0
0
0
0
0
0
0
0
0
0
0
0
0
0
0
0
0
0
0
0
0
0
0
0
0
0
0
0
0
4.82462975278965e-07
0
3.51917130493245e-07
0
1.90621499725877e-07
0
7.86493194838774e-08
0
2.52725745442902e-08
0
6.41259577488777e-09
0
1.28883634439788e-09
0
2.02316457060298e-10
0
2.3415588223468e-11
0
1.54626906312049e-12
0
-8.00469611982191e-14
0
-4.37203837773719e-14
0
-8.62293557806891e-15
0
-2.26795273705153e-15
0
-1.79723688925774e-15
0
-2.11310835433592e-15
0
-2.58315910286117e-15
0
-3.17824564658837e-15
0
-3.9018262467246e-15
0
-4.69990406695858e-15
0
-5.33027978958835e-15
0
-5.05076170134743e-15
0
0
0
0
0
0
0
0
0
0
0
0
0
0
0
0
0
0
0
0
0
0
0
0
0
0
0
0
0
0
0
0
0
-3.41497897486349e-07
0
-2.92700857162011e-07
0
-1.86044374930352e-07
0
-8.9692612076367e-08
0
-3.36113801467046e-08
0
-9.97445955475637e-09
0
-2.36749176368338e-09
0
-4.4914884989158e-10
0
-6.68008131503001e-11
0
-7.25372730194422e-12
0
-4.0754841908833e-13
0
4.03541821352035e-14
0
1.61731661278173e-14
0
3.53035548272052e-15
0
1.4821544353251e-15
0
1.47333319705622e-15
0
1.76638453329844e-15
0
2.16041652014367e-15
0
2.64750892375155e-15
0
3.20346589397841e-15
0
3.69867294082851e-15
0
3.71983871053656e-15
0
2.12032344787536e-15
0
0
0
0
0
0
0
0
0
0
0
0
0
0
0
0
0
0
0
0
0
0
0
0
0
0
0
0
0
0
0
2.22563990496974e-07
0
1.65366258606529e-07
0
9.28307760838209e-08
0
4.03439669828616e-08
0
1.38780570490716e-08
0
3.83560666346193e-09
0
8.57278227312322e-10
0
1.54311085308917e-10
0
2.18229352704316e-11
0
2.22358487828995e-12
0
1.01592644832665e-13
0
-1.77329218408792e-14
0
-6.12031539040923e-15
0
-1.69225663963927e-15
0
-1.09375298918975e-15
0
-1.2137999434098e-15
0
-1.46794502557729e-15
0
-1.7934140521042e-15
0
-2.17765690189914e-15
0
-2.55783982420651e-15
0
-2.72907629063452e-15
0
-2.26522646848237e-15
0
0
0
0
0
0
0
0
0
0
0
0
0
0
0
0
0
0
0
0
0
0
0
0
0
0
0
0
0
0
0
0
0
-1.55604647235076e-07
0
-1.34525572159185e-07
0
-8.7692415466639e-08
0
-4.40354502292607e-08
0
-1.74489010907904e-08
0
-5.56086212374609e-09
0
-1.4418400027949e-09
0
-3.05216278497351e-10
0
-5.23638966899839e-11
0
-7.06399166580563e-12
0
-6.74979244116605e-13
0
-2.30745544362656e-14
0
7.35323143221811e-15
0
2.47258754642938e-15
0
9.79206637512412e-16
0
8.56548613259439e-16
0
9.98831099890943e-16
0
1.21163702406614e-15
0
1.4695911561889e-15
0
1.73890667943973e-15
0
1.9144093992756e-15
0
1.78080677632167e-15
0
1.08179879141734e-15
0
0
0
0
0
0
0
0
0
0
0
0
0
0
0
0
0
0
0
0
0
0
0
0
0
0
0
0
0
0
0
1.00632549893642e-07
0
7.59598269452206e-08
0
4.39686438048922e-08
0
1.99842520435993e-08
0
7.29247781281516e-09
0
2.17044276236165e-09
0
5.31318767042325e-10
0
1.07069736546838e-10
0
1.75793961901856e-11
0
2.26856956192681e-12
0
2.02982031676963e-13
0
4.26886142828348e-15
0
-3.02189411880782e-15
0
-1.13007024635223e-15
0
-6.62414355646927e-16
0
-6.86987904546901e-16
0
-8.17933501272057e-16
0
-9.88420337404494e-16
0
-1.17710907042469e-15
0
-1.33861684527609e-15
0
-1.38821068203678e-15
0
-1.18967282836664e-15
0
0
0
0
0
0
0
0
0
0
0
0
0
0
0
0
0
0
0
0
0
0
0
0
0
0
0
0
0
0
0
0
0
-6.95587188704623e-08
0
-6.05791596269245e-08
0
-4.03495712460743e-08
0
-2.09823337285623e-08
0
-8.72399645598359e-09
0
-2.95749703810145e-09
0
-8.27793804270878e-10
0
-1.92391926404358e-10
0
-3.70760217420293e-11
0
-5.84704394655127e-12
0
-7.23633764015288e-13
0
-6.04595083674197e-14
0
-2.90272199575562e-16
0
1.29501806248696e-15
0
6.11259776401155e-16
0
4.92471259983104e-16
0
5.54809040731344e-16
0
6.64695471565273e-16
0
7.94706480545143e-16
0
9.23253871905585e-16
0
1.00842070998621e-15
0
9.59050512731256e-16
0
0
0
0
0
0
0
0
0
0
0
0
0
0
0
0
0
0
0
0
0
0
0
0
0
0
0
0
0
0
0
0
0
4.46554833037499e-08
0
3.41614038530473e-08
0
2.02969045353544e-08
0
9.58585319882725e-09
0
3.68058374785346e-09
0
1.1680618012201e-09
0
3.09338891318326e-10
0
6.85966970920739e-11
0
1.26933358465902e-11
0
1.92920589854494e-12
0
2.29496630865254e-13
0
1.78027748533477e-14
0
-3.22010554101549e-16
0
-6.13352134469555e-16
0
-3.88966756034903e-16
0
-3.82926988503258e-16
0
-4.46746401014953e-16
0
-5.32388148969228e-16
0
-6.23503648171697e-16
0
-6.97493401319912e-16
0
-6.95878819307812e-16
0
-4.05142762993073e-16
0
0
0
0
0
0
0
0
0
0
0
0
0
0
0
0
0
0
0
0
0
0
0
0
0
0
0
0
0
0
0
0
0
-3.05491239062411e-08
0
-2.67707297256625e-08
0
-1.81586525391671e-08
0
-9.72689644538104e-09
0
-4.21397665641529e-09
0
-1.50670975943112e-09
0
-4.50629673245454e-10
0
-1.13523819750185e-10
0
-2.41252801095808e-11
0
-4.30243928624688e-12
0
-6.32138571970646e-13
0
-7.24135234181076e-14
0
-5.14771703139997e-15
0
2.9631975525267e-16
0
3.35711390383225e-16
0
2.76881054112717e-16
0
3.02386876143011e-16
0
3.56441695437905e-16
0
4.20184011526691e-16
0
4.8201441678116e-16
0
5.14851268667676e-16
0
4.29048209525408e-16
0
0
0
0
0
0
0
0
0
0
0
0
0
0
0
0
0
0
0
0
0
0
0
0
0
0
0
0
0
0
0
0
0
1.94799504674965e-08
0
1.50703824356967e-08
0
9.15260156355018e-09
0
4.46500862885432e-09
0
1.79044661859813e-09
0
6.00537390450518e-10
0
1.70260576129365e-10
0
4.09958538580477e-11
0
8.38221640735527e-12
0
1.44554970305128e-12
0
2.05895037300641e-13
0
2.27329547291853e-14
0
1.43120124584e-15
0
-2.06430843307875e-16
0
-2.12419526944316e-16
0
-2.09145091296146e-16
0
-2.39372210956238e-16
0
-2.82226545041123e-16
0
-3.283974166775e-16
0
-3.62465643258007e-16
0
-3.39160204294028e-16
0
0
0
0
0
0
0
0
0
0
0
0
0
0
0
0
0
0
0
0
0
0
0
0
0
0
0
0
0
0
0
0
0
0
0
-1.32059385336038e-08
0
-1.1632345061154e-08
0
-8.01071135324633e-09
0
-4.3985586047315e-09
0
-1.97266814375884e-09
0
-7.38071510939683e-10
0
-2.33732701324846e-10
0
-6.31416093450753e-11
0
-1.45926787513576e-11
0
-2.8809715074456e-12
0
-4.81929240104174e-13
0
-6.67092783601157e-14
0
-7.0890730648936e-15
0
-3.56344357746832e-16
0
1.41697919500745e-16
0
1.49235862006084e-16
0
1.61851029379271e-16
0
1.88348607593513e-16
0
2.19704777451553e-16
0
2.46242420944574e-16
0
2.42607646660832e-16
0
1.39561703846308e-16
0
0
0
0
0
0
0
0
0
0
0
0
0
0
0
0
0
0
0
0
0
0
0
0
0
0
0
0
0
0
0
0
0
8.37133691083215e-09
0
6.53653992288241e-09
0
4.0422255320874e-09
0
2.02561419414559e-09
0
8.42350889366e-10
0
2.96164001495985e-10
0
8.90548971775892e-11
0
2.30279891701316e-11
0
5.12759034178639e-12
0
9.80645260936934e-13
0
1.59568436866758e-13
0
2.15060214836387e-14
0
2.18347318399799e-15
0
5.53315335969903e-17
0
-1.01080910793868e-16
0
-1.11071340854899e-16
0
-1.26065928653075e-16
0
-1.46976929049128e-16
0
-1.67941201932407e-16
0
-1.77370208292082e-16
0
-1.46703376127088e-16
0
0
0
0
0
0
0
0
0
0
0
0
0
0
0
0
0
0
0
0
0
0
0
0
0
0
0
0
0
0
0
0
0
0
0
-5.63217841356139e-09
0
-4.98193370295513e-09
0
-3.47343591623407e-09
0
-1.94605053010027e-09
0
-8.97910677419985e-10
0
-3.48921441262799e-10
0
-1.16009117793263e-10
0
-3.32882938722375e-11
0
-8.27279861937852e-12
0
-1.78085956774938e-12
0
-3.30908136735304e-13
0
-5.25072445701563e-14
0
-6.89467106604487e-15
0
-6.53284286471902e-16
0
2.18478459321525e-17
0
7.48900193052931e-17
0
8.4963514137602e-17
0
9.8251778399807e-17
0
1.13367718616817e-16
0
1.23863058852762e-16
0
1.1500847979012e-16
0
0
0
0
0
0
0
0
0
0
0
0
0
0
0
0
0
0
0
0
0
0
0
0
0
0
0
0
0
0
0
0
0
0
0
3.55329041781186e-09
0
2.79521615461649e-09
0
1.75381501446375e-09
0
8.9801008732377e-10
0
3.84651648187649e-10
0
1.40648742594045e-10
0
4.44668100753269e-11
0
1.22300229540358e-11
0
2.93173596647722e-12
0
6.12017283099084e-13
0
1.1078657111705e-13
0
1.71775969647098e-14
0
2.19237418447003e-15
0
1.80603669262161e-16
0
-3.59277225620221e-17
0
-5.67865211407126e-17
0
-6.54416033750325e-17
0
-7.53674019130749e-17
0
-8.35858048093836e-17
0
-8.17028022618476e-17
0
-4.71937522375438e-17
0
0
0
0
0
0
0
0
0
0
0
0
0
0
0
0
0
0
0
0
0
0
0
0
0
0
0
0
0
0
0
0
0
0
0
-2.37661653170093e-09
0
-2.10926193322946e-09
0
-1.48500293262757e-09
0
-8.45286883817308e-10
0
-3.98862951300711e-10
0
-1.59801193433458e-10
0
-5.53236059342588e-11
0
-1.67138073350139e-11
0
-4.423451134056e-12
0
-1.02614667029955e-12
0
-2.08318225711246e-13
0
-3.68244116314417e-14
0
-5.58583399043192e-15
0
-6.86245162042143e-16
0
-3.79171263271259e-17
0
3.34006932223759e-17
0
4.34905146981008e-17
0
5.0222631082916e-17
0
5.67403443461688e-17
0
5.94798669028998e-17
0
4.94212679903929e-17
0
0
0
0
0
0
0
0
0
0
0
0
0
0
0
0
0
0
0
0
0
0
0
0
0
0
0
0
0
0
0
0
0
0
0
1.49437056550954e-09
0
1.18240745929664e-09
0
7.50232857069333e-10
0
3.90542209439354e-10
0
1.71164563309873e-10
0
6.45803236902224e-11
0
2.12854665556035e-11
0
6.17158792050638e-12
0
1.57723101462595e-12
0
3.55115299369819e-13
0
7.02857839097441e-14
0
1.21571372888351e-14
0
1.80287551667682e-15
0
2.07114491242434e-16
0
-2.57234901175138e-18
0
-2.74822599833997e-17
0
-3.3380858800333e-17
0
-3.81495559616399e-17
0
-4.13674791366667e-17
0
-3.84439335644366e-17
0
0
0
0
0
0
0
0
0
0
0
0
0
0
0
0
0
0
0
0
0
0
0
0
0
0
0
0
0
0
0
0
0
0
0
0
0
-9.95584291906015e-10
0
-8.85869958636167e-10
0
-6.28340623416052e-10
0
-3.61922311049916e-10
0
-1.73647435478407e-10
0
-7.12035082855919e-11
0
-2.54558515987571e-11
0
-8.02686649710604e-12
0
-2.24223008875066e-12
0
-5.55072991599517e-13
0
-1.21619264364908e-13
0
-2.35213024624876e-14
0
-3.98625064438961e-15
0
-5.75039185166644e-16
0
-5.66520293515947e-17
0
1.19545971127929e-17
0
2.16211404995293e-17
0
2.52917284259136e-17
0
2.78804020591154e-17
0
2.71703379625886e-17
0
1.60419360296121e-17
0
0
0
0
0
0
0
0
0
0
0
0
0
0
0
0
0
0
0
0
0
0
0
0
0
0
0
0
0
0
0
0
0
0
0
6.2495549226215e-10
0
4.96670461397369e-10
0
3.17741617843627e-10
0
1.67368376231998e-10
0
7.45652982030116e-11
0
2.87982183447328e-11
0
9.80959045420792e-12
0
2.97215026771345e-12
0
8.02625513777324e-13
0
1.93007958675994e-13
0
4.1251914346083e-14
0
7.81077090961653e-15
0
1.29700888539948e-15
0
1.7914919919004e-16
0
1.07879836327976e-17
0
-1.22899473391234e-17
0
-1.66107154533685e-17
0
-1.8808217360458e-17
0
-1.96442595478599e-17
0
-1.65270056395637e-17
0
0
0
0
0
0
0
0
0
0
0
0
0
0
0
0
0
0
0
0
0
0
0
0
0
0
0
0
0
0
0
0
0
0
0
0
0
-4.15598598215101e-10
0
-3.70520511370647e-10
0
-2.64245097527473e-10
0
-1.5346831827559e-10
0
-7.446128266212e-11
0
-3.10202125874064e-11
0
-1.13535117056341e-11
0
-3.70310608106756e-12
0
-1.08224394029766e-12
0
-2.83402533005678e-13
0
-6.63677024402896e-14
0
-1.38664386139099e-14
0
-2.57394075573259e-15
0
-4.17546502992409e-16
0
-5.27997960939671e-17
0
2.13514648295774e-18
0
1.03607826594232e-17
0
1.25918860612435e-17
0
1.38355229160136e-17
0
1.31496222831598e-17
0
0
0
0
0
0
0
0
0
0
0
0
0
0
0
0
0
0
0
0
0
0
0
0
0
0
0
0
0
0
0
0
0
0
0
0
0
2.60926581876465e-10
0
2.08043696471181e-10
0
1.33863506083555e-10
0
7.10494759487526e-11
0
3.19748103392999e-11
0
1.25375178746594e-11
0
4.37299222116775e-12
0
1.37180995426771e-12
0
3.88049648138027e-13
0
9.88078713867086e-14
0
2.2585055581598e-14
0
4.62117519053149e-15
0
8.41217416423744e-16
0
1.31969572794659e-16
0
1.32620352869549e-17
0
-4.9390441432553e-18
0
-8.18918855616553e-18
0
-9.4074764153755e-18
0
-9.45184239265514e-18
0
0
0
0
0
0
0
0
0
0
0
0
0
0
0
0
0
0
0
0
0
0
0
0
0
0
0
0
0
0
0
0
0
0
0
0
0
0
0
-1.73570026610051e-10
0
-1.54972387754513e-10
0
-1.10957370363075e-10
0
-6.47863102703989e-11
0
-3.16318197268874e-11
0
-1.32918516996436e-11
0
-4.9353076974032e-12
0
-1.64880635538415e-12
0
-4.99452116603703e-13
0
-1.37169403351918e-13
0
-3.40450050610779e-14
0
-7.61083887294241e-15
0
-1.52708278333425e-15
0
-2.72075723632264e-16
0
-4.01159191769189e-17
0
-1.45051448843613e-18
0
4.78145594988443e-18
0
6.15235729935741e-18
0
6.31796808973078e-18
0
3.68534247911637e-18
0
0
0
0
0
0
0
0
0
0
0
0
0
0
0
0
0
0
0
0
0
0
0
0
0
0
0
0
0
0
0
0
0
0
0
0
0
1.0919504375084e-10
0
8.72799965152921e-11
0
5.63811420488393e-11
0
3.00505587580362e-11
0
1.3583423656469e-11
0
5.36295460664702e-12
0
1.8962672448546e-12
0
6.09608190374209e-13
0
1.78952368487167e-13
0
4.78483215587107e-14
0
1.16013364632161e-14
0
2.54084239970414e-15
0
5.00146092866823e-16
0
8.65807734831511e-17
0
1.10402281824534e-17
0
-1.65568121340131e-18
0
-3.91660059402457e-18
0
-4.43236009519636e-18
0
-3.79814891394607e-18
0
0
0
0
0
0
0
0
0
0
0
0
0
0
0
0
0
0
0
0
0
0
0
0
0
0
0
0
0
0
0
0
0
0
0
0
0
0
0
-7.28020847051419e-11
0
-6.50793608458081e-11
0
-4.67344758047858e-11
0
-2.7377288137808e-11
0
-1.33985427753556e-11
0
-5.6413980221545e-12
0
-2.10509938115625e-12
0
-7.12518062463579e-13
0
-2.21346107321348e-13
0
-6.31712152233918e-14
0
-1.64848870273144e-14
0
-3.91213332170733e-15
0
-8.40470916335016e-16
0
-1.62067733428433e-16
0
-2.66967671760798e-17
0
-2.13033694247085e-18
0
2.12824691661272e-18
0
2.96288031113067e-18
0
2.87080655263066e-18
0
0
0
0
0
0
0
0
0
0
0
0
0
0
0
0
0
0
0
0
0
0
0
0
0
0
0
0
0
0
0
0
0
0
0
0
0
0
0
4.59712967568689e-11
0
3.68222119228405e-11
0
2.38565694761498e-11
0
1.27401100805316e-11
0
5.75800285715164e-12
0
2.27141060159516e-12
0
8.05517795057266e-13
0
2.62255539995783e-13
0
7.90307452351325e-14
0
2.19920425216284e-14
0
5.61342025171355e-15
0
1.30603128335937e-15
0
2.75360351857314e-16
0
5.17103136309122e-17
0
7.64295218666556e-18
0
-3.7051035633225e-19
0
-1.8157530894539e-18
0
-1.97235258165784e-18
0
-1.23579447169541e-18
0
0
0
0
0
0
0
0
0
0
0
0
0
0
0
0
0
0
0
0
0
0
0
0
0
0
0
0
0
0
0
0
0
0
0
0
0
0
0
-3.0767490404581e-11
0
-2.7534677518594e-11
0
-1.98258732820729e-11
0
-1.16414830618481e-11
0
-5.69695408060294e-12
0
-2.39080007524304e-12
0
-8.88473623080672e-13
0
-3.01009085250887e-13
0
-9.46914721550983e-14
0
-2.77785527655129e-14
0
-7.55685732940797e-15
0
-1.89035626531912e-15
0
-4.31712008688544e-16
0
-8.92158033701118e-17
0
-1.60439915079763e-17
0
-1.74726582778865e-18
0
8.89235168742936e-19
0
1.36473825409319e-18
0
1.24389466570872e-18
0
0
0
0
0
0
0
0
0
0
0
0
0
0
0
0
0
0
0
0
0
0
0
0
0
0
0
0
0
0
0
0
0
0
0
0
0
0
0
1.9525592673528e-11
0
1.5673168268798e-11
0
1.01834981929215e-11
0
5.44469011213654e-12
0
2.45385964333031e-12
0
9.61138662358431e-13
0
3.38231421944989e-13
0
1.10013314263397e-13
0
3.35808867142488e-14
0
9.62121225506195e-15
0
2.5647932178253e-15
0
6.29812156856576e-16
0
1.41246171698142e-16
0
2.84623026609411e-17
0
4.67672176108826e-18
0
3.39853172985868e-20
0
-8.52561418729591e-19
0
-9.65852666430914e-19
0
0
0
0
0
0
0
0
0
0
0
0
0
0
0
0
0
0
0
0
0
0
0
0
0
0
0
0
0
0
0
0
0
0
0
0
0
0
0
0
0
-1.31308458778607e-11
0
-1.17658107942643e-11
0
-8.49715033151276e-12
0
-5.00258412283262e-12
0
-2.4465635260811e-12
0
-1.02027539680374e-12
0
-3.74778925404517e-13
0
-1.25504227401539e-13
0
-3.93757896526247e-14
0
-1.17091862000724e-14
0
-3.28632472635127e-15
0
-8.60286183502086e-16
0
-2.07628320993804e-16
0
-4.56714443087741e-17
0
-8.83974427886044e-18
0
-1.14081300315462e-18
0
3.78696164437473e-19
0
6.50350749148202e-19
0
0
0
0
0
0
0
0
0
0
0
0
0
0
0
0
0
0
0
0
0
0
0
0
0
0
0
0
0
0
0
0
0
0
0
0
0
0
0
0
0
8.38063098981364e-12
0
6.74426591526494e-12
0
4.39793218666298e-12
0
2.3560009402298e-12
0
1.0585330592304e-12
0
4.10229300617439e-13
0
1.41951315740884e-13
0
4.54471166543648e-14
0
1.38162998454298e-14
0
4.01789886858284e-15
0
1.10775496068314e-15
0
2.85283815050267e-16
0
6.77008533052966e-17
0
1.4533622822828e-17
0
2.59258684870788e-18
0
1.06635952514201e-19
0
-3.66406914856193e-19
0
-2.78503778431934e-19
0
0
0
0
0
0
0
0
0
0
0
0
0
0
0
0
0
0
0
0
0
0
0
0
0
0
0
0
0
0
0
0
0
0
0
0
0
0
0
0
0
-5.66447969052321e-12
0
-5.08331410779753e-12
0
-3.68517216797802e-12
0
-2.17827082144448e-12
0
-1.06614436784957e-12
0
-4.41806990988427e-13
0
-1.59735102283454e-13
0
-5.22819093207321e-14
0
-1.60752438349292e-14
0
-4.75661717937754e-15
0
-1.35775968423808e-15
0
-3.68683661830143e-16
0
-9.35382585852206e-17
0
-2.17991559887697e-17
0
-4.50147420076527e-18
0
-6.51197829353646e-19
0
1.47422477123587e-19
0
2.61588240890089e-19
0
0
0
0
0
0
0
0
0
0
0
0
0
0
0
0
0
0
0
0
0
0
0
0
0
0
0
0
0
0
0
0
0
0
0
0
0
0
0
0
0
3.63612105067853e-12
0
2.93550538895313e-12
0
1.92385068922005e-12
0
1.03480779890275e-12
0
4.64502182421067e-13
0
1.78157491733057e-13
0
6.02952432879532e-14
0
1.87374662106538e-14
0
5.55743933076614e-15
0
1.60775134205007e-15
0
4.52105472996217e-16
0
1.21192140048384e-16
0
3.03076552260003e-17
0
6.90036205382569e-18
0
1.31644502060951e-18
0
7.84644855205179e-20
0
-1.67852394929088e-19
0
0
0
0
0
0
0
0
0
0
0
0
0
0
0
0
0
0
0
0
0
0
0
0
0
0
0
0
0
0
0
0
0
0
0
0
0
0
0
0
0
0
0
-2.46908147940514e-12
0
-2.21988191881508e-12
0
-1.61728049568801e-12
0
-9.61766376822174e-13
0
-4.72519905626179e-13
0
-1.95178660447985e-13
0
-6.94870465689754e-14
0
-2.20755195123961e-14
0
-6.53606439876174e-15
0
-1.87831183059329e-15
0
-5.33731786340611e-16
0
-1.48390812810322e-16
0
-3.93446767424533e-17
0
-9.68607348577776e-18
0
-2.1215358120791e-18
0
-3.28433108683908e-19
0
6.56009790455052e-20
0
0
0
0
0
0
0
0
0
0
0
0
0
0
0
0
0
0
0
0
0
0
0
0
0
0
0
0
0
0
0
0
0
0
0
0
0
0
0
0
0
0
0
1.5932301553267e-12
0
1.29130701481168e-12
0
8.51957111354269e-13
0
4.61443964550564e-13
0
2.07789610094767e-13
0
7.92017531204643e-14
0
2.62303030952454e-14
0
7.83905793310733e-15
0
2.21828986790785e-15
0
6.20533210661862e-16
0
1.74045587372065e-16
0
4.80131521619489e-17
0
1.2604931512491e-17
0
3.03699741080248e-18
0
6.12612315257708e-19
0
4.3605807433755e-20
0
0
0
0
0
0
0
0
0
0
0
0
0
0
0
0
0
0
0
0
0
0
0
0
0
0
0
0
0
0
0
0
0
0
0
0
0
0
0
0
0
0
0
0
0
-1.08588658969861e-12
0
-9.78447512986903e-13
0
-7.17203507046203e-13
0
-4.3008830339879e-13
0
-2.12924200739691e-13
0
-8.81409844579434e-14
0
-3.1066426986683e-14
0
-9.5831150846937e-15
0
-2.697652691081e-15
0
-7.31711204653367e-16
0
-2.00246984829957e-16
0
-5.57369491927815e-17
0
-1.53083900753237e-17
0
-3.97529130770295e-18
0
-9.21908205034989e-19
0
-1.53568754738714e-19
0
6.6860938235931e-21
0
0
0
0
0
0
0
0
0
0
0
0
0
0
0
0
0
0
0
0
0
0
0
0
0
0
0
0
0
0
0
0
0
0
0
0
0
0
0
0
0
0
0
7.0369268118588e-13
0
5.72977611623305e-13
0
3.81178948323233e-13
0
2.08525134295096e-13
0
9.46683837811725e-14
0
3.61109171941812e-14
0
1.17832138935395e-14
0
3.38581643984545e-15
0
8.97942082280694e-16
0
2.34064349520906e-16
0
6.30301439859144e-17
0
1.75157521466989e-17
0
4.80247508174767e-18
0
1.22587241494954e-18
0
2.61656186392128e-19
0
2.49404649930211e-20
0
0
0
0
0
0
0
0
0
0
0
0
0
0
0
0
0
0
0
0
0
0
0
0
0
0
0
0
0
0
0
0
0
0
0
0
0
0
0
0
0
0
0
0
0
-4.8080229063256e-13
0
-4.34315793575499e-13
0
-3.2062516628e-13
0
-1.94294529125343e-13
0
-9.73013725511609e-14
0
-4.06222057393984e-14
0
-1.43013822808775e-14
0
-4.32025912841509e-15
0
-1.15456390222786e-15
0
-2.88072400601242e-16
0
-7.233414293359e-17
0
-1.93030123980318e-17
0
-5.39277518907136e-18
0
-1.4767366000273e-18
0
-3.6360482915344e-19
0
-6.4636048304495e-20
0
0
0
0
0
0
0
0
0
0
0
0
0
0
0
0
0
0
0
0
0
0
0
0
0
0
0
0
0
0
0
0
0
0
0
0
0
0
0
0
0
0
0
0
0
3.12550734403253e-13
0
2.5580641716784e-13
0
1.71822622023792e-13
0
9.51888123637777e-14
0
4.37783598954815e-14
0
1.68448981558833e-14
0
5.47694492979633e-15
0
1.52920618021039e-15
0
3.7855886847663e-16
0
8.85083036798377e-17
0
2.14512180023623e-17
0
5.72559317005269e-18
0
1.62021911191173e-18
0
4.41464292940561e-19
0
1.02416067456511e-19
0
0
0
0
0
0
0
0
0
0
0
0
0
0
0
0
0
0
0
0
0
0
0
0
0
0
0
0
0
0
0
0
0
0
0
0
0
0
0
0
0
0
0
0
0
0
0
-2.13805675287628e-13
0
-1.93657459910831e-13
0
-1.44089830887245e-13
0
-8.83801228817076e-14
0
-4.49163053210946e-14
0
-1.90239533002364e-14
0
-6.7564986475205e-15
0
-2.02749976678164e-15
0
-5.21130786194377e-16
0
-1.18539474301929e-16
0
-2.57467652761034e-17
0
-6.03311262066435e-18
0
-1.63293647492741e-18
0
-4.72374953621535e-19
0
-1.26270099623751e-19
0
0
0
0
0
0
0
0
0
0
0
0
0
0
0
0
0
0
0
0
0
0
0
0
0
0
0
0
0
0
0
0
0
0
0
0
0
0
0
0
0
0
0
0
0
0
0
1.39257334213239e-13
0
1.14602794200428e-13
0
7.77921441749439e-14
0
4.37285937281074e-14
0
2.0452383187539e-14
0
7.99546845383424e-15
0
2.62252379038196e-15
0
7.24544513419375e-16
0
1.70116383298866e-16
0
3.50044845394201e-17
0
6.93043758984155e-18
0
1.56972871219419e-18
0
4.39411128626798e-19
0
1.29050759573342e-19
0
2.51171063378619e-20
0
0
0
0
0
0
0
0
0
0
0
0
0
0
0
0
0
0
0
0
0
0
0
0
0
0
0
0
0
0
0
0
0
0
0
0
0
0
0
0
0
0
0
0
0
0
0
-9.52600477681964e-14
0
-8.65268145335648e-14
0
-6.4914924505444e-14
0
-4.03443290179391e-14
0
-2.08551085513216e-14
0
-9.00218463507902e-15
0
-3.25348560515795e-15
0
-9.84909111265928e-16
0
-2.4926273942487e-16
0
-5.27110202599092e-17
0
-9.50926582237665e-18
0
-1.641047024448e-18
0
-3.58717105388512e-19
0
-1.08325594070828e-19
0
-3.10243148185725e-20
0
0
0
0
0
0
0
0
0
0
0
0
0
0
0
0
0
0
0
0
0
0
0
0
0
0
0
0
0
0
0
0
0
0
0
0
0
0
0
0
0
0
0
0
0
0
0
6.20997724759452e-14
0
5.13950742851252e-14
0
3.52730165895959e-14
0
2.01424491976783e-14
0
9.60575663282714e-15
0
3.83578908437114e-15
0
1.28262681173638e-15
0
3.57530568706891e-16
0
8.21257108907552e-17
0
1.52256076466175e-17
0
2.23349911900183e-18
0
2.85936301520443e-19
0
5.76201578721549e-20
0
2.0233842625214e-20
0
0
0
0
0
0
0
0
0
0
0
0
0
0
0
0
0
0
0
0
0
0
0
0
0
0
0
0
0
0
0
0
0
0
0
0
0
0
0
0
0
0
0
0
0
0
0
0
0
-4.24364294955047e-14
0
-3.86558940456513e-14
0
-2.92462619004841e-14
0
-1.84265099995263e-14
0
-9.70110177072763e-15
0
-4.28040011541894e-15
0
-1.58412362823515e-15
0
-4.89986527917166e-16
0
-1.25188342091663e-16
0
-2.56852830632614e-17
0
-3.95431434057286e-18
0
-3.71906628092037e-19
0
-1.50717001513486e-21
0
3.25553343384466e-21
0
0
0
0
0
0
0
0
0
0
0
0
0
0
0
0
0
0
0
0
0
0
0
0
0
0
0
0
0
0
0
0
0
0
0
0
0
0
0
0
0
0
0
0
0
0
0
0
0
2.76637346424659e-14
0
2.30247681153506e-14
0
1.5978858331883e-14
0
9.27411779558068e-15
0
4.51591516313723e-15
0
1.84815512549021e-15
0
6.34625065562647e-16
0
1.81276718060324e-16
0
4.20894732930133e-17
0
7.47679319255368e-18
0
8.21072818016563e-19
0
-2.57680250578805e-20
0
-4.00553918099636e-20
0
0
0
0
0
0
0
0
0
0
0
0
0
0
0
0
0
0
0
0
0
0
0
0
0
0
0
0
0
0
0
0
0
0
0
0
0
0
0
0
0
0
0
0
0
0
0
0
0
0
0
-1.88702369062712e-14
0
-1.72374760218052e-14
0
-1.3150949672922e-14
0
-8.40011678078836e-15
0
-4.50629530378254e-15
0
-2.03546873711901e-15
0
-7.7426117033599e-16
0
-2.46784255464678e-16
0
-6.48924842462945e-17
0
-1.35145780633487e-17
0
-1.96714378216878e-18
0
-8.12477630666983e-20
0
6.47454175094613e-20
0
0
0
0
0
0
0
0
0
0
0
0
0
0
0
0
0
0
0
0
0
0
0
0
0
0
0
0
0
0
0
0
0
0
0
0
0
0
0
0
0
0
0
0
0
0
0
0
0
0
0
1.2292542499758e-14
0
1.02878486709115e-14
0
7.21820920725101e-15
0
4.25790240229451e-15
0
2.11791844536599e-15
0
8.89705714530236e-16
0
3.15000521472618e-16
0
9.30991884107468e-17
0
2.23684104096838e-17
0
4.05359272290846e-18
0
3.98564183835171e-19
0
-6.53022409835345e-20
0
0
0
0
0
0
0
0
0
0
0
0
0
0
0
0
0
0
0
0
0
0
0
0
0
0
0
0
0
0
0
0
0
0
0
0
0
0
0
0
0
0
0
0
0
0
0
0
0
0
0
0
0
-8.36537703019037e-15
0
-7.66235539411175e-15
0
-5.89346960667727e-15
0
-3.81531323855148e-15
0
-2.08526241976356e-15
0
-9.64612465544094e-16
0
-3.77756935270605e-16
0
-1.24642405406691e-16
0
-3.41320267797771e-17
0
-7.45371479203131e-18
0
-1.14417787441477e-18
0
-4.19956886555248e-20
0
0
0
0
0
0
0
0
0
0
0
0
0
0
0
0
0
0
0
0
0
0
0
0
0
0
0
0
0
0
0
0
0
0
0
0
0
0
0
0
0
0
0
0
0
0
0
0
0
0
0
0
0
5.44286567024737e-15
0
4.57948502402111e-15
0
3.24722506461025e-15
0
1.94593819448167e-15
0
9.88443272866191e-16
0
4.26297894825958e-16
0
1.55827008685668e-16
0
4.78495910015314e-17
0
1.20241061290144e-17
0
2.2939742993261e-18
0
2.47586751706367e-19
0
0
0
0
0
0
0
0
0
0
0
0
0
0
0
0
0
0
0
0
0
0
0
0
0
0
0
0
0
0
0
0
0
0
0
0
0
0
0
0
0
0
0
0
0
0
0
0
0
0
0
0
0
0
0
-3.69396127332188e-15
0
-3.39231926167537e-15
0
-2.62955004465725e-15
0
-1.72446514031151e-15
0
-9.59732875470765e-16
0
-4.54516320262676e-16
0
-1.83325641799935e-16
0
-6.27576698475262e-17
0
-1.80263789513346e-17
0
-4.22128135159478e-18
0
-7.59113621956514e-19
0
0
0
0
0
0
0
0
0
0
0
0
0
0
0
0
0
0
0
0
0
0
0
0
0
0
0
0
0
0
0
0
0
0
0
0
0
0
0
0
0
0
0
0
0
0
0
0
0
0
0
0
0
0
0
2.39984869852892e-15
0
2.02936301171278e-15
0
1.45350825358717e-15
0
8.84216478829909e-16
0
4.5823916813633e-16
0
2.02693460859517e-16
0
7.63821484259224e-17
0
2.43282319041393e-17
0
6.36021686614104e-18
0
1.32812357275366e-18
0
0
0
0
0
0
0
0
0
0
0
0
0
0
0
0
0
0
0
0
0
0
0
0
0
0
0
0
0
0
0
0
0
0
0
0
0
0
0
0
0
0
0
0
0
0
0
0
0
0
0
0
0
0
0
0
0
-1.6238884075087e-15
0
-1.49496382015875e-15
0
-1.16741887577192e-15
0
-7.75132850646701e-16
0
-4.39030449905879e-16
0
-2.12778872987725e-16
0
-8.84682679057519e-17
0
-3.15594635468374e-17
0
-9.66280409008489e-18
0
-2.60278889364077e-18
0
0
0
0
0
0
0
0
0
0
0
0
0
0
0
0
0
0
0
0
0
0
0
0
0
0
0
0
0
0
0
0
0
0
0
0
0
0
0
0
0
0
0
0
0
0
0
0
0
0
0
0
0
0
0
0
0
1.05346982099596e-15
0
8.95007074477221e-16
0
6.47046467399872e-16
0
3.99029262328476e-16
0
2.10512011156543e-16
0
9.52483564595495e-17
0
3.66834209816985e-17
0
1.17996776202592e-17
0
3.23451591098663e-18
0
0
0
0
0
0
0
0
0
0
0
0
0
0
0
0
0
0
0
0
0
0
0
0
0
0
0
0
0
0
0
0
0
0
0
0
0
0
0
0
0
0
0
0
0
0
0
0
0
0
0
0
0
0
0
0
0
0
0
-7.10191758239925e-16
0
-6.55410837681623e-16
0
-5.15500137997766e-16
0
-3.46484590296286e-16
0
-1.999566361462e-16
0
-9.93982220201141e-17
0
-4.28082751311619e-17
0
-1.67299875594234e-17
0
-6.73328971720534e-18
0
0
0
0
0
0
0
0
0
0
0
0
0
0
0
0
0
0
0
0
0
0
0
0
0
0
0
0
0
0
0
0
0
0
0
0
0
0
0
0
0
0
0
0
0
0
0
0
0
0
0
0
0
0
0
0
0
0
0
4.61004631995738e-16
0
3.93030959773959e-16
0
2.86292002627633e-16
0
1.78321749061243e-16
0
9.48203802819339e-17
0
4.31761146382195e-17
0
1.83152142060615e-17
0
0
0
0
0
0
0
0
0
0
0
0
0
0
0
0
0
0
0
0
0
0
0
0
0
0
0
0
0
0
0
0
0
0
0
0
0
0
0
0
0
0
0
0
0
0
0
0
0
0
0
0
0
0
0
0
0
0
0
0
0
0
0
-3.07139961479068e-16
0
-2.84746560230412e-16
0
-2.26396082348843e-16
0
-1.54862595021733e-16
0
-9.17067320724963e-17
0
-4.95971391078973e-17
0
-2.64224525877751e-17
0
0
0
0
0
0
0
0
0
0
0
0
0
0
0
0
0
0
0
0
0
0
0
0
0
0
0
0
0
0
0
0
0
0
0
0
0
0
0
0
0
0
0
0
0
0
0
0
0
0
0
0
0
0
0
0
0
0
0
0
0
0
0
2.04639803851176e-16
0
1.73018976689592e-16
0
1.23491093054759e-16
0
7.63474490253416e-17
0
4.60323053191535e-17
0
0
0
0
0
0
0
0
0
0
0
0
0
0
0
0
0
0
0
0
0
0
0
0
0
0
0
0
0
0
0
0
0
0
0
0
0
0
0
0
0
0
0
0
0
0
0
0
0
0
0
0
0
0
0
0
0
0
0
0
0
0
0
0
0
0
0
-1.22376244169853e-16
0
-1.15164586067495e-16
0
-1.03799739413463e-16
0
-8.50900573618001e-17
0
-5.38976409784028e-17
0
0
0
0
0
0
0
0
0
0
0
0
0
0
0
0
0
0
0
0
0
0
0
0
0
0
0
0
0
0
0
0
0
0
0
0
0
0
0
0
0
0
0
0
0
0
0
0
0
0
0
0
0
0
0
0
0
0
0
0
0
0
0
0
0
0
0
1.15316906043797e-16
0
1.03168756031175e-16
0
0
0
0
0
0
0
0
0
0
0
0
0
0
0
0
0
0
0
0
0
0
0
0
0
0
0
0
0
0
0
0
0
0
0
0
0
0
0
0
0
0
0
0
0
0
0
0
0
0
0
0
0
0
0
0
0
0
0
0
0
0
0
0
0
0
0
0
0
0
0
0
0
0
0
0
0
0
0
0
0
0
0
0
0
0
0
0
0
0
0
0
0
0
0
0
0
0
0
0
0
0
0
0
0
0
0
0
0
0
0
0
0
0
0
0
0
0
0
0
0
0
0
0
0
0
0
0
0
0
0
0
0
0
0
0
0
0
0
0
0
0
0
0
0
0
0
0
0
0
0
0
0
0
0
0
0
0
0
0
0
0
0
0
0
0
0
0
0
0
0
0
0
0
0
0
0
0
0
0
0
0
0
0
0
0
0
0
0
0
0
0
0
0
0
0
0
0
0
0
0
0
0
0
0
0
0
0
0
0
0
0
0
0
0
0
0
0
0
0
0
0
0
0
0
0
0
0
0
0
0
0
0
0
0
0
0
0
0
0
0
0
0
0
0
0
0
0
0
0
0
0
0
0
0
0
0
0
0
0
0
0
0
0
0
0
0
0
0
0
0
0
0
0
0
0
0
0
0
0
0
0
0
0
0
0
0
0
0
0
0
0
0
0
0
0
0
0
0
0
0
0
0
0
0
0
0
0
0
0
0
0
0
0
0
0
0
0
0
0
0
0
0
0
0
0
0
0
0
0
0
0
0
0
0
0
0
0
0
0
0
0
0
0
0
0
0
0
0
0
0
0
0
0
0
0
0
0
0
0
0
0
0
0
0
0
0
0
0
0
0
0
0
0
0
0
0
0
0
0
0
0
0
0
0
0
0
0
0
0
0
0
0
0
0
0
0
0
0
0
0
0
0
0
0
0
0
0
0
0
0
0
0
0
0
0
0
0
0
0
0
0
0
0
0
0
0
0
0
0
0
0
0
0
0
0
0
0
0
0
0
0
0
0
0
0
0
0
0
0
0
0
0
0
0
0
0
0
0
0
0
0
0
0
0
0
0
0
0
0
0
0
0
0
0
0
0
0
0
0
0
0
0
0
0
0
0
0
0
0
0
0
0
0
0
0
0
0
0
0
0
0
0
0
0
0
0
0
0
0
0
0
0
0
0
0
0
0
0
0
0
0
0
0
0
0
0
0
0
0
0
0
0
0
0
0
0
0
0
0
0
0
0
0
0
0
0
0
0
0
0
0
0
0
0
0
0
0
0
0
0
0
0
0
0
0
0
0
0
0
0
0
0
0
0
0
0
0
0
0
0
0
0
0
0
0
0
0
0
0
0
0
0
0
0
0
0
0
0
0
0
0
0
0
0
0
0
0
0
0
0
0
0
0
0
0
0
0
0
0
0
0
0
0
0
0
0
0
0
0
0
0
0
0
0
0
0
0
0
0
0
0
0
0
0
0
0
0
0
0
0
0
0
0
0
0
0
0
0
0
0
0
0
0
0
0
0
0
0
0
0
0
0
0
0
0
0
0
0
0
0
0
0
0
0
0
0
0
0
0
0
0
0
0
0
0
0
0
0
0
0
0
0
0
0
0
0
0
0
0
0
0
0
0
0
0
0
0
0
0
0
0
0
0
0
0
0
0
0
0
0
0
0
0
0
0
0
0
0
0
0
0
0
0
0
0
0
0
0
0
0
0
0
0
0
0
0
0
0
0
0
0
0
0
0
0
0
0
0
0
0
0
0
0
0
0
0
0
0
0
0
0
0
0
0
0
0
0
0
0
0
0
0
0
0
0
0
0
0
0
0
0
0
0
0
0
0
0
0
0
0
0
0
0
0
0
0
0
0
0
0
0
0
0
0
0
0
0
0
0
0
0
0
0
0
0
0
0
0
0
0
0
0
0
0
0
0
0
0
0
0
0
0
0
0
0
0
0
0
0
0
0
0
0
0
0
0
0
0
0
0
0
0
0
0
0
0
0
0
0
0
0
0
0
0
0
0
0
0
0
0
0
0
0
0
0
0
0
0
0
0
0
0
0
0
0
0
0
0
0
0
0
0
0
0
0
0
0
0
0
0
0
0
0
0
0
0
0
0
0
0
0
0
0
0
0
0
0
0
0
0
0
0
0
0
0
0
0
0
0
0
0
0
0
0
0
0
0
0
0
0
0
0
0
0
0
0
0
0
0
0
0
0
0
0
0
0
0
0
0
0
0
0
0
0
0
0
0
0
0
0
0
0
0
0
0
0
0
0
0
0
0
0
0
0
0
0
0
0
0
0
0
0
0
0
0
0
0
0
0
0
0
0
0
0
0
0
0
0
0
0
0
0
0
0
0
0
0
0
0
0
0
0
0
0
0
0
0
0
0
0
0
0
0
0
0
0
0
0
0
0
0
0
0
0
0
0
0
0
0
0
0
0
0
0
0
0
0
0
0
0
0
0
0
0
0
0
0
0
0
0
0
0
0
0
0
0
0
0
0
0
0
0
0
0
0
0
0
0
0
0
0
0
0
0
0
0
0
0
0
0
0
0
0
0
0
0
0
0
0
0
0
0
0
0
0
0
0
0
0
0
0
0
0
0
0
0
0
0
0
0
0
0
0
0
0
0
0
0
0
0
0
0
0
0
0
0
0
0
0
0
0
0
0
0
0
0
0
0
0
0
0
0
0
0
0
0
0
0
0
0
0
0
0
0
0
0
0
0
0
0
0
0
0
0
0
0
0
0
0
0
0
0
0
0
0
0
0
0
0
0
0
0
0
0
0
0
0
0
0
0
0
0
0
0
0
0
0
0
0
0
0
0
0
0
0
0
0
0
0
0
0
0
0
0
0
0
0
0
0
0
0
0
0
0
0
0
0
0
0
0
0
0
0
0
0
0
0
0
0
0
0
0
0
0
0
0
0
0
0
0
0
0
0
0
0
0
0
0
0
0
0
0
0
0
0
0
0
0
0
0
0
0
0
0
0
0
0
0
0
0
0
0
0
0
0
0
0
0
0
0
0
0
0
0
0
0
0
0
0
0
0
0
0
0
0
0
0
0
0
0
0
0
0
0
0
0
0
0
0
0
0
0
0
0
0
0
0
0
0
0
0
0
0
0
0
0
0
0
0
0
0
0
0
0
0
0
0
0
0
0
0
0
0
0
0
0
0
0
0
0
0
0
0
0
0
0
0
0
0
0
0
0
0
0
0
0
0
0
0
0
0
0
0
0
0
0
0
0
0
0
0
0
0
0
0
0
0
0
0
0
0
0
0
0
0
0
0
0
0
0
0
0
0
0
0
0
0
0
0
0
0
0
0
0
0
0
0
0
0
0
0
0
0
0
0
0
0
0
0
0
0
0
0
0
0
0
0
0
0
0
0
0
0
0
0
0
0
0
0
0
0
0
0
0
0
0
0
0
0
0
0
0
0
0
0
0
0
0
0
0
0
0
0
0
0
0
0
0
0
0
0
0
0
0
0
0
0
0
0
0
0
0
0
0
0
0
0
0
0
0
0
0
0
0
0
0
0
0
0
0
0
0
0
0
0
0
0
0
0
0
0
0
0
0
0
0
0
0
0
0
0
0
0
0
0
0
0
0
0
0
0
0
0
0
0
0
0
0
0
0
0
0
0
0
0
0
0
0
0
0
0
0
0
0
0
0
0
0
0
0
0
0
0
0
0
0
0
0
0
0
0
0
0
0
0
0
0
0
0
0
0
0
0
0
0
0
0
0
0
0
0
0
0
0
0
0
0
0
0
0
0
0
0
0
0
0
0
0
0
0
0
0
0
0
0
0
0
0
0
0
0
0
0
0
0
0
0
0
0
0
0
0
0
0
0
0
0
0
0
0
0
0
0
0
0
0
0
0
0
0
0
0
0
0
0
0
0
0
0
0
0
0
0
0
0
0
0
0
0
0
0
0
0
0
0
0
0
0
0
0
0
0
0
0
0
0
0
0
0
0
0
0
0
0
0
0
0
0
0
0
0
0
0
0
0
0
0
0
0
0
0
0
0
0
0
0
0
0
0
0
0
0
0
0
0
0
0
0
0
0
0
0
0
0
0
0
0
0
0
0
0
0
0
0
0
0
0
0
0
0
0
0
0
0
0
0
0
0
0
0
0
0
0
0
0
0
0
0
0
0
0
0
0
0
0
0
0
0
0
0
0
0
0
0
0
0
0
0
0
0
0
0
0
0
0
0
0
0
0
0
0
0
0
0
0
0
0
0
0
0
0
0
0
0
0
0
0
0
0
0
0
0
0
0
0
0
0
0
0
0
0
0
0
0
0
0
0
0
0
0
0
0
0
0
0
0
0
0
0
0
0
0
0
0
0
0
0
0
0
0
0
0
0
0
0
0
0
0
0
0
0
0
0
0
0
0
0
0
0
0
0
0
0
0
0
0
0
0
0
0
0
0
0
0
0
0
0
0
0
0
0
0
0
0
0
0
0
0
0
0
0
0
0
0
0
0
0
0
0
0
0
0
0
0
0
0
0
0
0
0
0
0
0
0
0
0
0
0
0
0
0
0
0
0
0
0
0
0
0
0
0
0
0
0
0
0
0
0
0
0
0
0
0
0
0
0
0
0
0
0
0
0
0
0
0
0
0
0
0
0
0
0
0
0
0
0
0
0
0
0
0
0
0
0
0
0
0
0
0
0
0
0
0
0
0
0
0
0
0
0
0
0
0
0
0
0
0
0
0
0
0
0
0
0
0
0
0
0
0
0
0
0
0
0
0
0
0
0
0
0
0
0
0
0
0
0
0
0
0
0
0
0
0
0
0
0
0
0
0
0
0
0
0
0
0
0
0
0
0
0
0
0
0
0
0
0
0
0
0
0
0
0
0
0
0
0
0
0
0
0
0
0
0
0
0
0
0
0
0
0
0
0
0
0
0
0
0
0
0
0
0
0
0
0
0
0
0
0
0
0
0
0
0
0
0
0
0
0
0
0
0
0
0
0
0
0
0
0
0
0
0
0
0
0
0
0
0
0
0
0
0
0
0
0
0
0
0
0
0
0
0
0
0
0
0
0
0
0
0
0
0
0
0
0
0
0
0
0
0
0
0
0
0
0
0
0
0
0
0
0
0
0
0
0
0
0
0
0
0
0
0
0
0
0
0
0
0
0
0
0
0
0
0
0
0
0
0
0
0
0
0
0
0
0
0
0
0
0
0
0
0
0
0
0
0
0
0
0
0
0
0
0
0
0
0
0
0
0
0
0
0
0
0
0
0
0
0
0
0
0
0
0
0
0
0
0
0
0
0
0
0
0
0
0
0
0
0
0
0
0
0
0
0
0
0
0
0
0
0
0
0
0
0
0
0
0
0
0
0
0
0
0
0
0
0
0
0
0
0
0
0
0
0
0
0
0
0
0
0
0
0
0
0
0
0
0
0
0
0
0
0
0
0
0
0
0
0
0
0
0
0
0
0
0
0
0
0
0
0
0
0
0
0
0
0
0
0
0
0
0
0
0
0
0
0
0
0
0
0
0
0
0
0
0
0
0
0
0
0
0
0
0
0
0
0
0
0
0
0
0
0
0
0
0
0
0
0
0
0
0
0
0
0
0
0
0
0
0
0
0
0
0
0
0
0
0
0
0
0
0
0
0
0
0
0
0
0
0
0
0
0
0
0
0
0
0
0
0
0
0
0
0
0
0
0
0
0
0
0
0
0
0
0
0
0
0
0
0
0
0
0
0
0
0
0
0
0
0
0
0
0
0
0
0
0
0
0
0
0
0
0
0
0
0
0
0
0
0
0
0
0
0
0
0
0
0
0
0
0
0
0
0
0
0
0
0
0
0
0
0
0
0
0
0
0
0
0
0
0
0
0
0
0
0
0
0
0
0
0
0
0
0
0
0
0
0
0
0
0
0
0
0
0
0
0
0
0
0
0
0
0
0
0
0
0
0
0
0
0
0
0
0
0
0
0
0
0
0
0
0
0
0
0
0
0
0
0
0
0
0
0
0
0
0
0
0
0
0
0
0
0
0
0
0
0
0
0
0
0
0
0
0
0
0
0
0
0
0
0
0
0
0
0
0
0
0
0
0
0
0
0
0
0
0
0
0
0
0
0
0
0
0
0
0
0
0
0
0
0
0
0
0
0
0
0
0
0
0
0
0
0
0
0
0
0
0
0
0
0
0
0
0
0
0
0
0
0
0
0
0
0
0
0
0
0
0
0
0
0
0
0
0
0
0
0
0
0
0
0
0
0
0
0
0
0
0
0
0
0
0
0
0
0
0
0
0
0
0
0
0
0
0
0
0
0
0
0
0
0
0
0
0
0
0
0
0
0
0
0
0
0
0
0
0
0
0
0
0
0
0
0
0
0
0
0
0
0
0
0
0
0
0
0
0
0
0
0
0
0
0
0
0
0
0
0
0
0
0
0
0
0
0
0
0
0
0
0
0
0
0
0
0
0
0
0
0
0
0
0
0
0
0
0
0
0
0
0
0
0
0
0
0
0
0
0
0
0
0
0
0
0
0
0
0
0
0
0
0
0
0
0
0
0
0
0
0
0
0
0
0
0
0
0
0
0
0
0
0
0
0
0
0
0
0
0
0
0
0
0
0
0
0
0
0
0
0
0
0
0
0
0
0
0
0
0
0
0
0
0
0
0
0
0
0
0
0
0
0
0
0
0
0
0
0
0
0
0
0
0
0
0
0
0
0
0
0
0
0
0
0
0
0
0
0
0
0
0
0
0
0
0
0
0
0
0
0
0
0
0
0
0
0
0
0
0
0
0
0
0
0
0
0
0
0
0
0
0
0
0
0
0
0
0
0
0
0
0
0
0
0
0
0
0
0
0
0
0
0
0
0
0
0
0
0
0
0
0
0
0
0
0
0
0
0
0
0
0
0
0
0
0
0
0
0
0
0
0
0
0
0
0
0
0
0
0
0
0
0
0
0
0
0
0
0
0
0
0
0
0
0
0
0
0
0
0
0
0
0
0
0
0
0
0
0
0
0
0
0
0
0
0
0
0
0
0
0
0
0
0
0
0
0
0
0
0
0
0
0
0
0
0
0
0
0
0
0
0
0
0
0
0
0
0
0
0
0
0
0
0
0
0
0
0
0
0
0
0
0
0
0
0
0
0
0
0
0
0
0
0
0
0
0
0
0
0
0
0
0
0
0
0
0
0
0
0
0
0
0
0
0
0
0
0
0
0
0
0
0
0
0
0
0
0
0
0
0
0
0
0
0
0
0
0
0
0
0
0
0
0
0
0
0
0
0
0
0
0
0
0
0
0
0
0
0
0
0
0
0
0
0
0
0
0
0
0
0
0
0
0
0
0
0
0
0
0
0
0
0
0
0
0
0
0
0
0
0
0
0
0
0
0
0
0
0
0
0
0
0
0
0
0
0
0
0
0
0
0
0
0
0
0
0
0
0
0
0
0
0
0
0
0
0
0
0
0
0
0
0
0
0
0
0
0
0
0
0
0
0
0
0
0
0
0
0
0
0
0
0
0
0
0
0
0
0
0
0
0
0
0
0
0
0
0
0
0
0
0
0
0
0
0
0
0
0
0
0
0
0
0
0
0
0
0
0
0
0
0
0
0
0
0
0
0
0
0
0
0
0
0
0
0
0
0
0
0
0
0
0
0
0
0
0
0
0
0
0
0
0
0
0
0
0
0
0
0
0
0
0
0
0
0
0
0
0
0
0
0
0
0
0
0
0
0
0
0
0
0
0
0
0
0
0
0
0
0
0
0
0
0
0
0
0
0
0
0
0
0
0
0
0
0
0
0
0
0
0
0
0
0
0
0
0
0
0
0
0
0
0
0
0
0
0
0
0
0
0
0
0
0
0
0
0
0
0
0
0
0
0
0
0
0
0
0
0
0
0
0
0
0
0
0
0
0
0
0
0
0
0
0
0
0
0
0
0
0
0
0
0
0
0
0
0
0
0
0
0
0
0
0
0
0
0
0
0
0
0
0
0
0
0
0
0
0
0
0
0
0
0
0
0
0
0
0
0
0
0
0
0
0
0
0
0
0
0
0
0
0
0
0
0
0
0
0
0
0
0
0
0
0
0
0
0
0
0
0
0
0
0
0
0
0
0
0
0
0
0
0
0
0
0
0
0
0
0
0
0
0
0
0
0
0
0
0
0
0
0
0
0
0
0
0
0
0
0
0
0
0
0
0
0
0
0
0
0
0
0
0
0
0
0
0
0
0
0
0
0
0
0
0
0
0
0
0
0
0
0
0
0
0
0
0
0
0
0
0
0
0
0
0
0
0
0
0
0
0
0
0
0
0
0
0
0
0
0
0
0
0
0
0
0
0
0
0
0
0
0
0
0
0
0
0
0
0
0
0
0
0
0
0
0
0
0
0
0
0
0
0
0
0
0
0
0
0
0
0
0
0
0
0
0
0
0
0
0
0
0
0
0
0
0
0
0
0
0
0
0
0
0
0
0
0
0
0
0
0
0
0
0
0
0
0
0
0
0
0
0
0
0
0
0
0
0
0
0
0
0
0
0
0
0
0
0
0
0
0
0
0
0
0
0
0
0
0
0
0
0
0
0
0
0
0
0
0
0
0
0
0
0
0
0
0
0
0
0
0
0
0
0
0
0
0
0
0
0
0
0
0
0
0
0
0
0
0
0
0
0
0
0
0
0
0
0
0
0
0
0
0
0
0
0
0
0
0
0
0
0
0
0
0
0
0
0
0
0
0
0
0
0
0
0
0
0
0
0
0
0
0
0
0
0
0
0
0
0
0
0
0
0
0
0
0
0
0
0
0
0
0
0
0
0
0
0
0
0
0
0
0
0
0
0
0
0
0
0
0
0
0
0
0
0
0
0
0
0
0
0
0
0
0
0
0
0
0
0
0
0
0
0
0
0
0
0
0
0
0
0
0
0
0
0
0
0
0
0
0
0
0
0
0
0
0
0
0
0
0
0
0
0
