  0.100000000000000E+01  0.147182542797392E+01
  0.200000000000000E+01  0.000000000000000E+00
  0.300000000000000E+01  0.630714236601944E-01
  0.400000000000000E+01  0.156051507840859E-02
  0.500000000000000E+01  0.807816391588088E-02
  0.600000000000000E+01  0.386711282798729E-03
  0.700000000000000E+01  0.190339393888121E-02
  0.800000000000000E+01  0.572303034535176E-04
  0.900000000000000E+01  0.581843380481069E-03
  0.100000000000000E+02  0.666803920531993E-05
  0.110000000000000E+02  0.201942299108847E-03
  0.120000000000000E+02  0.294178106835940E-05
  0.130000000000000E+02  0.757273983475546E-04
  0.140000000000000E+02  0.116118802226180E-05
  0.150000000000000E+02  0.295796487009040E-04
  0.160000000000000E+02  0.453483675171267E-06
  0.170000000000000E+02  0.119781659789171E-04
  0.180000000000000E+02  0.196508395658377E-06
  0.190000000000000E+02  0.504183640970796E-05
  0.200000000000000E+02  0.113248401640100E-06
  0.210000000000000E+02  0.219440700920418E-05
  0.220000000000000E+02  0.788941627856587E-07
  0.230000000000000E+02  0.980255129791192E-06
  0.240000000000000E+02  0.568361812461012E-07
  0.250000000000000E+02  0.446570361105630E-06
  0.260000000000000E+02  0.396356149069009E-07
  0.270000000000000E+02  0.206727862822302E-06
  0.280000000000000E+02  0.265210756847792E-07
  0.290000000000000E+02  0.972303018453623E-07
  0.300000000000000E+02  0.171089887720837E-07
  0.310000000000000E+02  0.465292723869331E-07
  0.320000000000000E+02  0.107476361061266E-07
  0.330000000000000E+02  0.159851636812652E-09
  0.340000000000000E+02  0.179199491600138E-10
  0.350000000000000E+02  0.826274678055851E-10
  0.360000000000000E+02  0.160746171631556E-10
  0.370000000000000E+02  0.473524076603617E-10
  0.380000000000000E+02  0.138288897391390E-10
  0.390000000000000E+02  0.287882057956205E-10
  0.400000000000000E+02  0.112851572475081E-10
  0.410000000000000E+02  0.180802200365978E-10
  0.420000000000000E+02  0.877815070528422E-11
  0.430000000000000E+02  0.115698693082397E-10
  0.440000000000000E+02  0.656660634562956E-11
  0.450000000000000E+02  0.749473767819064E-11
  0.460000000000000E+02  0.476561806131478E-11
  0.470000000000000E+02  0.489861976852557E-11
  0.480000000000000E+02  0.337997559870158E-11
  0.490000000000000E+02  0.322382824224459E-11
  0.500000000000000E+02  0.235593410853991E-11
  0.510000000000000E+02  0.213217893430418E-11
  0.520000000000000E+02  0.162070443788199E-11
  0.530000000000000E+02  0.141460240831666E-11
  0.540000000000000E+02  0.110362927946227E-11
  0.550000000000000E+02  0.939826481373409E-12
  0.560000000000000E+02  0.745424193998834E-12
  0.570000000000000E+02  0.624297155063722E-12
  0.580000000000000E+02  0.500054666314292E-12
  0.590000000000000E+02  0.414096957677560E-12
  0.600000000000000E+02  0.333436040695479E-12
  0.610000000000000E+02  0.273985623416657E-12
  0.620000000000000E+02  0.221093878689228E-12
  0.630000000000000E+02  0.180682439351716E-12
  0.640000000000000E+02  0.145929919982416E-12
  0.650000000000000E+02  0.118565513991443E-12
  0.660000000000000E+02  0.957636147756915E-13
  0.670000000000000E+02  0.774972425863207E-13
  0.680000000000000E+02  0.625094689694773E-13
  0.690000000000000E+02  0.504016837581006E-13
  0.700000000000000E+02  0.405819724832957E-13
  0.710000000000000E+02  0.326050396877258E-13
  0.720000000000000E+02  0.262001056143641E-13
  0.730000000000000E+02  0.209738429892443E-13
  0.740000000000000E+02  0.168186570121744E-13
  0.750000000000000E+02  0.134126400756153E-13
  0.760000000000000E+02  0.107333171881897E-13
  0.770000000000000E+02  0.852502329004717E-14
  0.780000000000000E+02  0.680878673135035E-14
  0.790000000000000E+02  0.538436261817104E-14
  0.800000000000000E+02  0.429280859225713E-14
  0.810000000000000E+02  0.339225559434902E-14
  0.820000000000000E+02  0.267611486958961E-14
  0.830000000000000E+02  0.211711876564828E-14
  0.840000000000000E+02  0.166347447472249E-14
  0.850000000000000E+02  0.131267326574747E-14
  0.860000000000000E+02  0.102700803050523E-14
  0.870000000000000E+02  0.808493422804439E-15
  0.880000000000000E+02  0.629683628007366E-15
  0.890000000000000E+02  0.494609666409470E-15
  0.900000000000000E+02  0.383364738965873E-15
  0.910000000000000E+02  0.300523071458738E-15
  0.920000000000000E+02  0.231737980465756E-15
  0.930000000000000E+02  0.181337876336558E-15
  0.940000000000000E+02  0.139070958678921E-15
  0.950000000000000E+02  0.108658639272093E-15
  0.960000000000000E+02  0.828501239847530E-16
  0.970000000000000E+02  0.646512960537029E-16
  0.980000000000000E+02  0.489932549105951E-16
  0.990000000000000E+02  0.381944379042984E-16
  0.100000000000000E+03  0.290866215265964E-16
  0.101000000000000E+03  0.220731307473632E-16
  0.102000000000000E+03  0.169804794831246E-16
  0.103000000000000E+03  0.128178829344183E-16
  0.104000000000000E+03  0.984054088954405E-17
  0.105000000000000E+03  0.738711423031709E-17
  0.106000000000000E+03  0.566086097531995E-17
  0.107000000000000E+03  0.422492603633817E-17
  0.108000000000000E+03  0.323239431321215E-17
  0.109000000000000E+03  0.239792193806137E-17
  0.110000000000000E+03  0.183199953875349E-17
  0.111000000000000E+03  0.135052418535924E-17
  0.112000000000000E+03  0.103057402531103E-17
  0.113000000000000E+03  0.754764084109073E-18
  0.114000000000000E+03  0.575400652580988E-18
  0.115000000000000E+03  0.418554311883714E-18
  0.116000000000000E+03  0.318850757679801E-18
  0.117000000000000E+03  0.230312019119358E-18
  0.118000000000000E+03  0.175355755750824E-18
  0.119000000000000E+03  0.125747743861477E-18
  0.120000000000000E+03  0.957102611714963E-19
  0.121000000000000E+03  0.696720792620139E-19
  0.122000000000000E+03  0.502963133297735E-19
  0.123000000000000E+03  0.375485456239935E-19
  0.124000000000000E+03  0.269394888521460E-19
  0.125000000000000E+03  0.200819468228039E-19
  0.126000000000000E+03  0.143166035574981E-19
  0.127000000000000E+03  0.106582166458490E-19
  0.128000000000000E+03  0.754897998568606E-20
  0.129000000000000E+03  0.561341317545305E-20
  0.130000000000000E+03  0.394944709791392E-20
  0.131000000000000E+03  0.293381072506558E-20
  0.132000000000000E+03  0.205016073729425E-20
  0.133000000000000E+03  0.152159758197657E-20
  0.134000000000000E+03  0.105596330438242E-20
  0.135000000000000E+03  0.783158548449782E-21
  0.136000000000000E+03  0.539635152244183E-21
  0.137000000000000E+03  0.399993249219564E-21
  0.138000000000000E+03  0.273651178188266E-21
  0.139000000000000E+03  0.202734363126067E-21
  0.140000000000000E+03  0.137699119834007E-21
  0.141000000000000E+03  0.101971684270029E-21
  0.142000000000000E+03  0.687568189348500E-22
  0.143000000000000E+03  0.508998914308060E-22
  0.144000000000000E+03  0.352481653830081E-22
  0.145000000000000E+03  0.240358957271822E-22
  0.146000000000000E+03  0.173759608437789E-22
  0.147000000000000E+03  0.117737398017327E-22
  0.148000000000000E+03  0.850190491801412E-23
  0.149000000000000E+03  0.572284386149615E-23
  0.150000000000000E+03  0.412866988736560E-23
  0.151000000000000E+03  0.276090551739781E-23
  0.152000000000000E+03  0.199018298224473E-23
  0.153000000000000E+03  0.132192497120361E-23
  0.154000000000000E+03  0.952400090962925E-24
  0.155000000000000E+03  0.628165695754680E-24
  0.156000000000000E+03  0.452558491228535E-24
  0.157000000000000E+03  0.296223190281744E-24
  0.158000000000000E+03  0.213599096465366E-24
  0.159000000000000E+03  0.138594666995255E-24
  0.160000000000000E+03  0.100192009134655E-24
  0.161000000000000E+03  0.643096572262754E-25
  0.162000000000000E+03  0.467525886190283E-25
  0.163000000000000E+03  0.295861595763015E-25
  0.164000000000000E+03  0.217456953828727E-25
  0.165000000000000E+03  0.135304015390576E-25
  0.166000000000000E+03  0.101587512168825E-25
  0.167000000000000E+03  0.634643973470054E-26
  0.168000000000000E+03  0.499110902182237E-26
  0.169000000000000E+03  0.430716239458770E-26
  0.170000000000000E+03  0.387681112461409E-26
  0.171000000000000E+03  0.000000000000000E+00
  0.172000000000000E+03  0.000000000000000E+00
  0.173000000000000E+03  0.000000000000000E+00
  0.174000000000000E+03  0.000000000000000E+00
  0.175000000000000E+03  0.000000000000000E+00
  0.176000000000000E+03  0.000000000000000E+00
  0.177000000000000E+03  0.000000000000000E+00
  0.178000000000000E+03  0.000000000000000E+00
  0.179000000000000E+03  0.000000000000000E+00
  0.180000000000000E+03  0.000000000000000E+00
  0.181000000000000E+03  0.000000000000000E+00
  0.182000000000000E+03  0.000000000000000E+00
  0.183000000000000E+03  0.000000000000000E+00
  0.184000000000000E+03  0.000000000000000E+00
  0.185000000000000E+03  0.000000000000000E+00
  0.186000000000000E+03  0.000000000000000E+00
  0.187000000000000E+03  0.000000000000000E+00
  0.188000000000000E+03  0.000000000000000E+00
  0.189000000000000E+03  0.000000000000000E+00
  0.190000000000000E+03  0.000000000000000E+00
  0.191000000000000E+03  0.000000000000000E+00
  0.192000000000000E+03  0.000000000000000E+00
  0.193000000000000E+03  0.000000000000000E+00
  0.194000000000000E+03  0.000000000000000E+00
  0.195000000000000E+03  0.000000000000000E+00
  0.196000000000000E+03  0.000000000000000E+00
  0.197000000000000E+03  0.000000000000000E+00
  0.198000000000000E+03  0.000000000000000E+00
  0.199000000000000E+03  0.000000000000000E+00
  0.200000000000000E+03  0.000000000000000E+00
  0.201000000000000E+03  0.000000000000000E+00
  0.202000000000000E+03  0.000000000000000E+00
  0.203000000000000E+03  0.000000000000000E+00
  0.204000000000000E+03  0.000000000000000E+00
  0.205000000000000E+03  0.000000000000000E+00
  0.206000000000000E+03  0.000000000000000E+00
  0.207000000000000E+03  0.000000000000000E+00
  0.208000000000000E+03  0.000000000000000E+00
  0.209000000000000E+03  0.000000000000000E+00
  0.210000000000000E+03  0.000000000000000E+00
  0.211000000000000E+03  0.000000000000000E+00
  0.212000000000000E+03  0.000000000000000E+00
  0.213000000000000E+03  0.000000000000000E+00
  0.214000000000000E+03  0.000000000000000E+00
  0.215000000000000E+03  0.000000000000000E+00
  0.216000000000000E+03  0.000000000000000E+00
  0.217000000000000E+03  0.000000000000000E+00
  0.218000000000000E+03  0.000000000000000E+00
  0.219000000000000E+03  0.000000000000000E+00
  0.220000000000000E+03  0.000000000000000E+00
  0.221000000000000E+03  0.000000000000000E+00
  0.222000000000000E+03  0.000000000000000E+00
  0.223000000000000E+03  0.000000000000000E+00
  0.224000000000000E+03  0.000000000000000E+00
  0.225000000000000E+03  0.000000000000000E+00
  0.226000000000000E+03  0.000000000000000E+00
  0.227000000000000E+03  0.000000000000000E+00
  0.228000000000000E+03  0.000000000000000E+00
  0.229000000000000E+03  0.000000000000000E+00
  0.230000000000000E+03  0.000000000000000E+00
  0.231000000000000E+03  0.000000000000000E+00
  0.232000000000000E+03  0.000000000000000E+00
  0.233000000000000E+03  0.000000000000000E+00
  0.234000000000000E+03  0.000000000000000E+00
  0.235000000000000E+03  0.000000000000000E+00
  0.236000000000000E+03  0.000000000000000E+00
  0.237000000000000E+03  0.000000000000000E+00
  0.238000000000000E+03  0.000000000000000E+00
  0.239000000000000E+03  0.000000000000000E+00
  0.240000000000000E+03  0.000000000000000E+00
  0.241000000000000E+03  0.000000000000000E+00
  0.242000000000000E+03  0.000000000000000E+00
