  0.00000000000000E+000  0.60194701443659E-002  0.15675574761430E-001  0.26317405111028E-002  0.31246392037303E-002  0.28948309406356E-002  0.60194701443336E-002  0.32333897500000E-013
  0.29385774034127E+000  0.60194701443336E-002  0.15675574597700E-001  0.26317405111028E-002  0.31246392037239E-002  0.28948309406096E-002  0.60194701443336E-002  0.18977646428219E-018
  0.58771548068253E+000  0.60194701443336E-002  0.15675574597700E-001  0.26317405111028E-002  0.31246392037239E-002  0.28948309406096E-002  0.60194701443336E-002  0.49115966338815E-019
  0.88157322102377E+000  0.60194701443336E-002  0.15675574597700E-001  0.26317405111028E-002  0.31246392037239E-002  0.28948309406096E-002  0.60194701443336E-002  0.23535867888512E-019
  0.11754309613650E+001  0.60194701443336E-002  0.15675574597700E-001  0.26317405111028E-002  0.31246392037239E-002  0.28948309406096E-002  0.60194701443336E-002  0.15117835957118E-019
  0.00000000000000E+000  0.60194701443659E-002  0.15675574761430E-001  0.26317405111028E-002  0.31246392037303E-002  0.28948309406356E-002  0.60194701443336E-002  0.32333897500000E-013
  0.29385774034127E+000  0.60194701443336E-002  0.15675574597700E-001  0.26317405111028E-002  0.31246392037239E-002  0.28948309406096E-002  0.60194701443336E-002  0.18070301998275E-018
  0.58771548068253E+000  0.60194701443336E-002  0.15675574597700E-001  0.26317405111028E-002  0.31246392037239E-002  0.28948309406096E-002  0.60194701443336E-002  0.44585340969938E-019
  0.88157322102377E+000  0.60194701443336E-002  0.15675574597700E-001  0.26317405111028E-002  0.31246392037239E-002  0.28948309406096E-002  0.60194701443336E-002  0.20479210153010E-019
  0.11754309613650E+001  0.60194701443336E-002  0.15675574597700E-001  0.26317405111028E-002  0.31246392037239E-002  0.28948309406096E-002  0.60194701443336E-002  0.12669532580404E-019
