  0.00000000000000E+000  0.50000000000000E-010  0.53250044664033E-020  0.44504041079508E-010 -0.37634918875062E-001  0.22790136629548E-010
  0.29385774034127E+000  0.47593169359881E-010  0.53250044664033E-020  0.32534365198523E-010 -0.37634918875062E-001  0.12793938648793E-010
  0.58771548068253E+000  0.45302195394366E-010  0.53250044664033E-020  0.23306230661428E-010 -0.37634918875062E-001  0.46749205514672E-011
  0.88157322102377E+000  0.43121501155569E-010  0.53250044664033E-020  0.16163053001486E-010 -0.37634918875062E-001 -0.17410313661872E-011
  0.11754309613650E+001  0.41045778150986E-010  0.53250044664033E-020  0.10630137402336E-010 -0.37634918875062E-001 -0.67645721387996E-011
  0.00000000000000E+000  0.50000000000000E-010  0.49806777215085E-020  0.44504041079508E-010 -0.37634918875062E-001  0.22790136629548E-010
  0.29385774034127E+000  0.46780035317978E-010  0.49806777215085E-020  0.31480441076152E-010 -0.37634918875062E-001  0.13859544839439E-010
  0.58771548068253E+000  0.43795079606072E-010  0.49806777215085E-020  0.21657009861224E-010 -0.37634918875062E-001  0.65929293889645E-011
  0.88157322102377E+000  0.41025551782999E-010  0.49806777215085E-020  0.14051188132855E-010 -0.37634918875062E-001  0.73243039463764E-012
  0.11754309613650E+001  0.38447938961757E-010  0.49806777215085E-020  0.80796732778658E-011 -0.37634918875062E-001 -0.39304670959506E-011
