  0.00000000000000E+000  0.75277702580725E-020 -0.19691868459193E-010 -0.18197006812229E-020  0.45959006914704E-010 -0.28685010925142E-003
  0.29385774034127E+000  0.75277702580725E-020 -0.17800633193982E-010 -0.18197006812229E-020  0.36688549420097E-010 -0.28685010925142E-003
  0.58771548068253E+000  0.75277702580725E-020 -0.16277061659262E-010 -0.18197006812229E-020  0.29238922018710E-010 -0.28685010925142E-003
  0.88157322102377E+000  0.75277702580725E-020 -0.15022740883648E-010 -0.18197006812229E-020  0.23349232976102E-010 -0.28685010925142E-003
  0.11754309613650E+001  0.75277702580725E-020 -0.13985138751603E-010 -0.18197006812229E-020  0.18717581396297E-010 -0.28685010925142E-003
  0.00000000000000E+000  0.82728089676103E-020 -0.19691868459193E-010 -0.21269806404228E-020  0.45959006914704E-010 -0.28685010925142E-003
  0.29385774034127E+000  0.82728089676103E-020 -0.15725223826568E-010 -0.21269806404228E-020  0.35811750660758E-010 -0.28685010925142E-003
  0.58771548068253E+000  0.82728089676103E-020 -0.13481370235562E-010 -0.21269806404228E-020  0.28250060500690E-010 -0.28685010925142E-003
  0.88157322102377E+000  0.82728089676103E-020 -0.12076828215449E-010 -0.21269806404228E-020  0.22562020079189E-010 -0.28685010925142E-003
  0.11754309613650E+001  0.82728089676103E-020 -0.11110736047911E-010 -0.21269806404228E-020  0.18299728855956E-010 -0.28685010925142E-003
