  0.00000000000000E+000  0.50000000000000E-010  0.17154364985701E-020  0.49017698060157E-010 -0.11863364594392E-002 -0.98623159999692E-011
  0.29385774034127E+000  0.32078766917751E-010  0.17154364985701E-020  0.26275311899613E-010 -0.11863364594392E-002 -0.67650557723387E-011
  0.58771548068253E+000  0.20580945739268E-010  0.17154364985701E-020  0.14419807790876E-010 -0.11863364594392E-002 -0.50979418410994E-011
  0.88157322102377E+000  0.13204227226337E-010  0.17154364985701E-020  0.82257297510941E-011 -0.11863364594392E-002 -0.42072716853558E-011
  0.11754309613650E+001  0.84715065504536E-011  0.17154364985701E-020  0.49808635000427E-011 -0.11863364594392E-002 -0.37303117985269E-011
  0.00000000000000E+000  0.50000000000000E-010  0.16140277924729E-020  0.49017698060157E-010 -0.11863364594392E-002 -0.98623159999692E-011
  0.29385774034127E+000  0.30345247423963E-010  0.16140277924729E-020  0.24398022230204E-010 -0.11863364594392E-002 -0.59105537719417E-011
  0.58771548068253E+000  0.18771051180642E-010  0.16140277924729E-020  0.12395235560577E-010 -0.11863364594392E-002 -0.39511586442126E-011
  0.88157322102377E+000  0.11812815789601E-010  0.16140277924729E-020  0.64505846916754E-011 -0.11863364594392E-002 -0.28731688180291E-011
  0.11754309613650E+001  0.75693989439487E-011  0.16140277924729E-020  0.34631831020070E-011 -0.11863364594392E-002 -0.21687477440281E-011
