  0.00000000000000E+000  0.50000000000000E-010  0.20163106355411E-001  0.49017698060157E-010 -0.54922046410842E-020  0.98623159999692E-011
  0.29385774034127E+000  0.44125621175944E-010  0.20163106355411E-001  0.46342588132146E-010 -0.54922046410842E-020  0.15801895523652E-010
  0.58771548068253E+000  0.42219242230801E-010  0.20163106355411E-001  0.45787504176776E-010 -0.54922046410842E-020  0.18261414614075E-010
  0.88157322102377E+000  0.41355862113295E-010  0.20163106355411E-001  0.45505982344585E-010 -0.54922046410842E-020  0.19224984417793E-010
  0.11754309613650E+001  0.40889867319029E-010  0.20163106355411E-001  0.45299534745429E-010 -0.54922046410842E-020  0.19504950791511E-010
  0.00000000000000E+000  0.50000000000000E-010  0.20163106355411E-001  0.49017698060157E-010  0.49399431522132E-020  0.98623159999692E-011
  0.29385774034127E+000  0.41745223675378E-010  0.20163106355411E-001  0.41670519218044E-010  0.49399431522132E-020  0.13701004989352E-010
  0.58771548068253E+000  0.36667208343628E-010  0.20163106355411E-001  0.35655828345852E-010  0.49399431522132E-020  0.14207229943812E-010
  0.88157322102377E+000  0.32230914763534E-010  0.20163106355411E-001  0.29538075481486E-010  0.49399431522132E-020  0.13333022257546E-010
  0.11754309613650E+001  0.27857181022245E-010  0.20163106355411E-001  0.23177345515961E-010  0.49399431522132E-020  0.11803972096262E-010
