  0.00000000000000E+000  0.50000000000000E-010  0.25230857678187E-001  0.44504041079508E-010 -0.34690313710887E-019 -0.22790136629548E-010
  0.29385774034127E+000  0.55498827091349E-010  0.25230857678187E-001  0.50246792428734E-010 -0.34690313710887E-019 -0.20800748095478E-010
  0.58771548068253E+000  0.56625491295852E-010  0.25230857678187E-001  0.51604652789960E-010 -0.34690313710887E-019 -0.19971054129722E-010
  0.88157322102377E+000  0.56875319293264E-010  0.25230857678187E-001  0.51888320136568E-010 -0.34690313710887E-019 -0.19433948226458E-010
  0.11754309613650E+001  0.56922184413451E-010  0.25230857678187E-001  0.51868025425292E-010 -0.34690313710887E-019 -0.19008245692492E-010
  0.00000000000000E+000  0.50000000000000E-010  0.25230857678187E-001  0.44504041079508E-010 -0.32804079010093E-019 -0.22790136629548E-010
  0.29385774034127E+000  0.55431774694502E-010  0.25230857678187E-001  0.49288565627584E-010 -0.32804079010093E-019 -0.22387571990965E-010
  0.58771548068253E+000  0.56620252103974E-010  0.25230857678187E-001  0.49786107066017E-010 -0.32804079010093E-019 -0.23124499953737E-010
  0.88157322102377E+000  0.56965623201952E-010  0.25230857678187E-001  0.49246536334581E-010 -0.32804079010093E-019 -0.24090075741765E-010
  0.11754309613650E+001  0.57085039834623E-010  0.25230857678187E-001  0.48385631138109E-010 -0.32804079010093E-019 -0.25100716731223E-010
