  0.00000000000000E+000 -0.16294978535992E+000 -0.19691868459193E-010  0.32220553307585E-002 -0.45959006914704E-010  0.24686164367696E-019
  0.29385774034127E+000 -0.16294978535992E+000 -0.12194980964684E-010  0.32220553307585E-002 -0.46078813210093E-010  0.24686164367696E-019
  0.58771548068253E+000 -0.16294978535992E+000 -0.10103192781895E-010  0.32220553307585E-002 -0.44858371704621E-010  0.24686164367696E-019
  0.88157322102377E+000 -0.16294978535992E+000 -0.92782556248861E-011  0.32220553307585E-002 -0.43676719466486E-010  0.24686164367696E-019
  0.11754309613650E+001 -0.16294978535992E+000 -0.88970864234498E-011  0.32220553307585E-002 -0.42648353967991E-010  0.24686164367696E-019
  0.00000000000000E+000 -0.16294978535992E+000 -0.19691868459193E-010  0.32220553307585E-002 -0.45959006914704E-010  0.31031302749251E-019
  0.29385774034127E+000 -0.16294978535992E+000 -0.12604259429460E-010  0.32220553307585E-002 -0.45334318763407E-010  0.31031302749251E-019
  0.58771548068253E+000 -0.16294978535992E+000 -0.11365803240882E-010  0.32220553307585E-002 -0.43408746321352E-010  0.31031302749251E-019
  0.88157322102377E+000 -0.16294978535992E+000 -0.11607299246118E-010  0.32220553307585E-002 -0.41543587037388E-010  0.31031302749251E-019
  0.11754309613650E+001 -0.16294978535992E+000 -0.12532734329090E-010  0.32220553307585E-002 -0.39854234115706E-010  0.31031302749251E-019
