  0.00000000000000E+000  0.41165555400079E-001  0.49247583029352E+000  0.41165555400079E-001  0.10017500000000E-016
  0.29385774034127E+000  0.41165555400079E-001  0.49247583029349E+000  0.41165555400079E-001  0.19201279428443E-017
  0.58771548068253E+000  0.41165555400079E-001  0.49247583029349E+000  0.41165555400079E-001  0.98794555962711E-018
  0.88157322102377E+000  0.41165555400079E-001  0.49247583029349E+000  0.41165555400079E-001  0.66389105971021E-018
  0.11754309613650E+001  0.41165555400079E-001  0.49247583029349E+000  0.41165555400079E-001  0.50279035963541E-018
  0.00000000000000E+000  0.41165555400079E-001  0.49247583029352E+000  0.41165555400079E-001  0.10017500000000E-016
  0.29385774034127E+000  0.41165555400079E-001  0.49247583029349E+000  0.41165555400079E-001  0.19200830529005E-017
  0.58771548068253E+000  0.41165555400079E-001  0.49247583029349E+000  0.41165555400079E-001  0.98787120934599E-018
  0.88157322102377E+000  0.41165555400079E-001  0.49247583029349E+000  0.41165555400079E-001  0.66330152940455E-018
  0.11754309613650E+001  0.41165555400079E-001  0.49247583029349E+000  0.41165555400079E-001  0.50130500274252E-018
