  0.00000000000000E+000  0.99999999999999E+000  0.48864634680386E+001  0.00000000000000E+000
  0.31235469441564E-002  0.88836170506224E+000  0.24695994031903E+001  0.18902886572735E-002
  0.62470938883129E-002  0.81326572002386E+000  0.19233893341192E+001  0.35142319505613E-002
  0.00000000000000E+000  0.16118697257518E+001  0.78699312785825E+001  0.22379452944682E-001
  0.31235469441564E-002  0.14320438921632E+001  0.39812051976738E+001  0.18612590873818E-001
  0.00000000000000E+000  0.16118877562372E+001  0.78764306360155E+001  0.22415089513766E-001
  0.62470938883128E-005  0.16113418211258E+001  0.78427221230336E+001  0.22398688336890E-001
  0.12494187776626E-004  0.16107981954287E+001  0.78096924299015E+001  0.22382413087450E-001
  0.18741281664938E-004  0.16102568333367E+001  0.77773145715044E+001  0.22366260642700E-001
  0.24988375553251E-004  0.16097176908296E+001  0.77455632329489E+001  0.22350228067120E-001
  0.31235469441564E-004  0.16091807255697E+001  0.77144146016874E+001  0.22334312587318E-001
  0.00000000000000E+000  0.16118877562372E+001  0.78764306360155E+001  0.22415089513766E-001
  0.62470938883128E-005  0.16113418211258E+001  0.78427221230336E+001  0.22398688336890E-001
  0.12494187776626E-004  0.16107981954287E+001  0.78096924299015E+001  0.22382413087450E-001
  0.18741281664938E-004  0.16102568333367E+001  0.77773145715044E+001  0.22366260642700E-001
  0.24988375553251E-004  0.16097176908296E+001  0.77455632329489E+001  0.22350228067120E-001
  0.31235469441564E-004  0.16091807255697E+001  0.77144146016874E+001  0.22334312587318E-001
  0.00000000000000E+000  0.16118877562372E+001  0.78764306360155E+001  0.22415089513766E-001
  0.62470938883128E-005  0.16113418211258E+001  0.78427221230336E+001  0.22398688336890E-001
  0.12494187776626E-004  0.16107981954287E+001  0.78096924299015E+001  0.22382413087450E-001
  0.18741281664938E-004  0.16102568333367E+001  0.77773145715044E+001  0.22366260642700E-001
  0.24988375553251E-004  0.16097176908296E+001  0.77455632329489E+001  0.22350228067120E-001
  0.31235469441564E-004  0.16091807255697E+001  0.77144146016874E+001  0.22334312587318E-001
  0.00000000000000E+000  0.16118877562372E+001  0.78764306360155E+001  0.22415089513766E-001
  0.62470938883128E-005  0.16113418211258E+001  0.78427221230336E+001  0.22398688336890E-001
  0.12494187776626E-004  0.16107981954287E+001  0.78096924299015E+001  0.22382413087450E-001
  0.18741281664938E-004  0.16102568333367E+001  0.77773145715044E+001  0.22366260642700E-001
  0.24988375553251E-004  0.16097176908296E+001  0.77455632329489E+001  0.22350228067120E-001
  0.31235469441564E-004  0.16091807255697E+001  0.77144146016874E+001  0.22334312587318E-001
  0.00000000000000E+000  0.15478047150550E+001  0.40254146944075E+001  0.22415089512307E-001
  0.62470938883128E-005  0.15475250747979E+001  0.40228313443535E+001  0.22400673612216E-001
  0.12494187776626E-004  0.15472456133102E+001  0.40202629045288E+001  0.22386332811419E-001
  0.18741281664938E-004  0.15469663295692E+001  0.40177091100662E+001  0.22372065916242E-001
  0.24988375553251E-004  0.15466872225705E+001  0.40151697040919E+001  0.22357871765617E-001
  0.31235469441564E-004  0.15464082913270E+001  0.40126444373956E+001  0.22343749229848E-001
  0.00000000000000E+000  0.15478047150550E+001  0.40254146944075E+001  0.22415089512307E-001
  0.62470938883128E-005  0.15475250747979E+001  0.40228313443535E+001  0.22400673612216E-001
  0.12494187776626E-004  0.15472456133102E+001  0.40202629045288E+001  0.22386332811419E-001
  0.18741281664938E-004  0.15469663295692E+001  0.40177091100662E+001  0.22372065916242E-001
  0.24988375553251E-004  0.15466872225705E+001  0.40151697040919E+001  0.22357871765617E-001
  0.31235469441564E-004  0.15464082913270E+001  0.40126444373956E+001  0.22343749229848E-001
  0.00000000000000E+000  0.15478047150550E+001  0.40254146944075E+001  0.22415089512307E-001
  0.62470938883128E-005  0.15475250747979E+001  0.40228313443535E+001  0.22400673612216E-001
  0.12494187776626E-004  0.15472456133102E+001  0.40202629045288E+001  0.22386332811419E-001
  0.18741281664938E-004  0.15469663295692E+001  0.40177091100662E+001  0.22372065916242E-001
  0.24988375553251E-004  0.15466872225705E+001  0.40151697040919E+001  0.22357871765617E-001
  0.31235469441564E-004  0.15464082913270E+001  0.40126444373956E+001  0.22343749229848E-001
