  0.00000000000000E+000  0.10000000000000E+001  0.91261021580840E+004
  0.31235469441564E-002  0.45399624785239E-003  0.13801066662527E-001
  0.62470938883129E-002  0.56208866869993E-004  0.86272016522738E-003
  0.00000000000000E+000  0.99999999999999E-008  0.91261021580840E-004
  0.31235469441564E-002  0.44796141113855E-011  0.13708711365732E-009
  0.00000000000000E+000  0.10000000000000E-007  0.91261021580840E-004
  0.62470938883128E-005  0.62726084126878E-008  0.44054910720930E-004
  0.12494187776626E-004  0.43274528784342E-008  0.23665369169642E-004
  0.18741281664938E-004  0.32057366628457E-008  0.13981253632215E-004
  0.24988375553251E-004  0.25021431192473E-008  0.89364011389339E-005
  0.31235469441564E-004  0.20300927688346E-008  0.60806480396282E-005
  0.00000000000000E+000  0.10000000000000E-007  0.91261021580840E-004
  0.62470938883128E-005  0.62726084126878E-008  0.44054910720930E-004
  0.12494187776626E-004  0.43274528784342E-008  0.23665369169642E-004
  0.18741281664938E-004  0.32057366628457E-008  0.13981253632215E-004
  0.24988375553251E-004  0.25021431192473E-008  0.89364011389339E-005
  0.31235469441564E-004  0.20300927688346E-008  0.60806480396282E-005
  0.00000000000000E+000  0.10000000000000E-007  0.91261021580840E-004
  0.62470938883128E-005  0.62726084126878E-008  0.44054910720930E-004
  0.12494187776626E-004  0.43274528784342E-008  0.23665369169642E-004
  0.18741281664938E-004  0.32057366628457E-008  0.13981253632215E-004
  0.24988375553251E-004  0.25021431192473E-008  0.89364011389339E-005
  0.31235469441564E-004  0.20300927688346E-008  0.60806480396282E-005
  0.00000000000000E+000  0.10000000000000E-007  0.91261021580840E-004
  0.62470938883128E-005  0.62726084126878E-008  0.44054910720930E-004
  0.12494187776626E-004  0.43274528784342E-008  0.23665369169642E-004
  0.18741281664938E-004  0.32057366628457E-008  0.13981253632215E-004
  0.24988375553251E-004  0.25021431192473E-008  0.89364011389339E-005
  0.31235469441564E-004  0.20300927688346E-008  0.60806480396282E-005
  0.00000000000000E+000  0.10000000000000E-007  0.91261021580840E-004
  0.62470938883128E-005  0.62726092343677E-008  0.44054911664306E-004
  0.12494187776626E-004  0.43274543355591E-008  0.23665371269012E-004
  0.18741281664938E-004  0.32057386258247E-008  0.13981256399277E-004
  0.24988375553251E-004  0.25021455030968E-008  0.89364042273218E-005
  0.31235469441564E-004  0.20300955207448E-008  0.60806511895527E-005
  0.00000000000000E+000  0.10000000000000E-007  0.91261021580840E-004
  0.62470938883128E-005  0.62726092343677E-008  0.44054911664306E-004
  0.12494187776626E-004  0.43274543355591E-008  0.23665371269012E-004
  0.18741281664938E-004  0.32057386258247E-008  0.13981256399277E-004
  0.24988375553251E-004  0.25021455030968E-008  0.89364042273218E-005
  0.31235469441564E-004  0.20300955207448E-008  0.60806511895527E-005
  0.00000000000000E+000  0.10000000000000E-007  0.91261021580840E-004
  0.62470938883128E-005  0.62726092343677E-008  0.44054911664306E-004
  0.12494187776626E-004  0.43274543355591E-008  0.23665371269012E-004
  0.18741281664938E-004  0.32057386258247E-008  0.13981256399277E-004
  0.24988375553251E-004  0.25021455030968E-008  0.89364042273218E-005
  0.31235469441564E-004  0.20300955207448E-008  0.60806511895527E-005
