  0.00000000000000E+000  0.10000000000000E+001  0.15686748600956E+004 -0.29036601257063E-002
  0.31235469441564E-002  0.75913885191337E-001  0.70645584956825E+000  0.13871434605014E-003
  0.62470938883129E-002  0.15043237523641E-001  0.85176985165765E-001  0.14382526040746E-004
  0.00000000000000E+000  0.10000000000000E-007  0.15686748600955E-004 -0.59024868952116E-010
  0.31235469441564E-002  0.75924386214859E-009  0.70641491521334E-008  0.14192255479684E-011
  0.00000000000000E+000  0.10000000000000E-007  0.15686748600955E-004 -0.29036601257063E-010
  0.62470938883128E-005  0.92055697781164E-008  0.98396821260950E-005 -0.21519451751447E-010
  0.12494187776626E-004  0.86639086473723E-008  0.67883651894580E-005 -0.15739575132900E-010
  0.18741281664938E-004  0.82643153240017E-008  0.50287572074988E-005 -0.11221887917692E-010
  0.24988375553251E-004  0.79520488899601E-008  0.39250478847263E-005 -0.76756616669872E-011
  0.31235469441564E-004  0.76974911195307E-008  0.31845545619464E-005 -0.48823046960008E-011
  0.00000000000000E+000  0.10000000000000E-007  0.15686748600955E-004 -0.29036601257063E-010
  0.62470938883128E-005  0.92055697781164E-008  0.98396821260950E-005 -0.21519451751447E-010
  0.12494187776626E-004  0.86639086473723E-008  0.67883651894580E-005 -0.15739575132900E-010
  0.18741281664938E-004  0.82643153240017E-008  0.50287572074988E-005 -0.11221887917692E-010
  0.24988375553251E-004  0.79520488899601E-008  0.39250478847263E-005 -0.76756616669872E-011
  0.31235469441564E-004  0.76974911195307E-008  0.31845545619464E-005 -0.48823046960008E-011
  0.00000000000000E+000  0.10000000000000E-007  0.15686748600955E-004 -0.29036601257063E-010
  0.62470938883128E-005  0.92055697781164E-008  0.98396821260950E-005 -0.21519451751447E-010
  0.12494187776626E-004  0.86639086473723E-008  0.67883651894580E-005 -0.15739575132900E-010
  0.18741281664938E-004  0.82643153240017E-008  0.50287572074988E-005 -0.11221887917692E-010
  0.24988375553251E-004  0.79520488899601E-008  0.39250478847263E-005 -0.76756616669872E-011
  0.31235469441564E-004  0.76974911195307E-008  0.31845545619464E-005 -0.48823046960008E-011
  0.00000000000000E+000  0.10000000000000E-007  0.15686748600955E-004 -0.29036601257063E-010
  0.62470938883128E-005  0.92055697781164E-008  0.98396821260950E-005 -0.21519451751447E-010
  0.12494187776626E-004  0.86639086473723E-008  0.67883651894580E-005 -0.15739575132900E-010
  0.18741281664938E-004  0.82643153240017E-008  0.50287572074988E-005 -0.11221887917692E-010
  0.24988375553251E-004  0.79520488899601E-008  0.39250478847263E-005 -0.76756616669872E-011
  0.31235469441564E-004  0.76974911195307E-008  0.31845545619464E-005 -0.48823046960008E-011
  0.00000000000000E+000  0.10000000000000E-007  0.15686748600955E-004 -0.29036601257063E-010
  0.62470938883128E-005  0.92055703370664E-008  0.98396828502142E-005 -0.21526683502674E-010
  0.12494187776626E-004  0.86639096070028E-008  0.67883666300724E-005 -0.15753766688989E-010
  0.18741281664938E-004  0.82643165763226E-008  0.50287591730188E-005 -0.11242794231363E-010
  0.24988375553251E-004  0.79520503630137E-008  0.39250502010375E-005 -0.77030564450183E-011
  0.31235469441564E-004  0.76974927647436E-008  0.31845571132829E-005 -0.49159775594084E-011
  0.00000000000000E+000  0.10000000000000E-007  0.15686748600955E-004 -0.29036601257063E-010
  0.62470938883128E-005  0.92055703370664E-008  0.98396828502142E-005 -0.21526683502674E-010
  0.12494187776626E-004  0.86639096070028E-008  0.67883666300724E-005 -0.15753766688989E-010
  0.18741281664938E-004  0.82643165763226E-008  0.50287591730188E-005 -0.11242794231363E-010
  0.24988375553251E-004  0.79520503630137E-008  0.39250502010375E-005 -0.77030564450183E-011
  0.31235469441564E-004  0.76974927647436E-008  0.31845571132829E-005 -0.49159775594084E-011
  0.00000000000000E+000  0.10000000000000E-007  0.15686748600955E-004 -0.29036601257063E-010
  0.62470938883128E-005  0.92055703370664E-008  0.98396828502142E-005 -0.21526683502674E-010
  0.12494187776626E-004  0.86639096070028E-008  0.67883666300724E-005 -0.15753766688989E-010
  0.18741281664938E-004  0.82643165763226E-008  0.50287591730188E-005 -0.11242794231363E-010
  0.24988375553251E-004  0.79520503630137E-008  0.39250502010375E-005 -0.77030564450183E-011
  0.31235469441564E-004  0.76974927647436E-008  0.31845571132829E-005 -0.49159775594084E-011
